-4.98728	0.00633358	-5.68155e-246
-4.90935	0.00634239	0.000155697
-4.83143	0.00636876	0.000312877
-4.7535	0.00641291	0.000473045
-4.67557	0.00647495	0.000637727
-4.59765	0.00655524	0.000808512
-4.51972	0.00665408	0.00098704
-4.44179	0.00677202	0.00117506
-4.36387	0.00690953	0.00137439
-4.28594	0.00706738	0.00158703
-4.20802	0.00724626	0.00181509
-4.13009	0.00744713	0.0020609
-4.05216	0.00767091	0.00232694
-3.97424	0.00791882	0.00261603
-3.89631	0.00819206	0.00293116
-3.81838	0.00849212	0.00327577
-3.74046	0.00882051	0.00365357
-3.66253	0.00917909	0.00406881
-3.58461	0.00956977	0.00452617
-3.50668	0.00999485	0.00503099
-3.42875	0.0104567	0.00558923
-3.35083	0.0109582	0.00620776
-3.2729	0.0115024	0.00689429
-3.19498	0.0120928	0.0076577
-3.11705	0.0127333	0.00850811
-3.03912	0.0134282	0.00945722
-2.9612	0.0141825	0.0105185
-2.88327	0.0150017	0.0117074
-2.80534	0.0158919	0.0130422
-2.72742	0.0168604	0.0145438
-2.64949	0.0179148	0.016237
-2.57157	0.0190643	0.0181507
-2.49364	0.020319	0.020319
-2.41571	0.0216905	0.0227822
-2.33779	0.0231919	0.0255883
-2.25986	0.0248383	0.0287945
-2.18193	0.0266469	0.0324694
-2.10401	0.0286375	0.0366955
-2.02608	0.0308324	0.0415727
-1.94816	0.0332577	0.0472223
-1.87023	0.0359432	0.0537928
-1.7923	0.0389232	0.0614664
-1.71438	0.0422368	0.0704678
-1.63645	0.0459292	0.0810764
-1.55852	0.0500516	0.0936399
-1.4806	0.0546619	0.108595
-1.40267	0.0598249	0.126489
-1.32475	0.0656112	0.148017
-1.24682	0.0720954	0.174054
-1.16889	0.0793512	0.20571
-1.09097	0.0874426	0.244386
-1.01304	0.0964077	0.29183
-0.935115	0.10623	0.350194
-0.857188	0.116791	0.422027
-0.779262	0.127788	0.510158
-0.701336	0.138616	0.617286
-0.62341	0.148186	0.744983
-0.545484	0.154706	0.891592
-0.467557	0.1555	1.04829
-0.389631	0.147129	1.19289
-0.311705	0.126323	1.28258
-0.233779	0.0923716	1.25225
-0.155852	0.0506863	1.03174
-0.0779262	0.0145456	0.592522
0	1.25009e-15	5.06242e-246
0.0779262	0.0145456	-0.592522
0.155852	0.0506863	-1.03174
0.233779	0.0923716	-1.25225
0.311705	0.126323	-1.28258
0.389631	0.147129	-1.19289
0.467557	0.1555	-1.04829
0.545484	0.154706	-0.891592
0.62341	0.148186	-0.744983
0.701336	0.138616	-0.617286
0.779262	0.127788	-0.510158
0.857188	0.116791	-0.422027
0.935115	0.10623	-0.350194
1.01304	0.0964077	-0.29183
1.09097	0.0874426	-0.244386
1.16889	0.0793512	-0.20571
1.24682	0.0720954	-0.174054
1.32475	0.0656112	-0.148017
1.40267	0.0598249	-0.126489
1.4806	0.0546619	-0.108595
1.55852	0.0500516	-0.0936399
1.63645	0.0459292	-0.0810764
1.71438	0.0422368	-0.0704678
1.7923	0.0389232	-0.0614664
1.87023	0.0359432	-0.0537928
1.94816	0.0332577	-0.0472223
2.02608	0.0308324	-0.0415727
2.10401	0.0286375	-0.0366955
2.18193	0.0266469	-0.0324694
2.25986	0.0248383	-0.0287945
2.33779	0.0231919	-0.0255883
2.41571	0.0216905	-0.0227822
2.49364	0.020319	-0.020319
2.57157	0.0190643	-0.0181507
2.64949	0.0179148	-0.016237
2.72742	0.0168604	-0.0145438
2.80534	0.0158919	-0.0130422
2.88327	0.0150017	-0.0117074
2.9612	0.0141825	-0.0105185
3.03912	0.0134282	-0.00945722
3.11705	0.0127333	-0.00850811
3.19498	0.0120928	-0.0076577
3.2729	0.0115024	-0.00689429
3.35083	0.0109582	-0.00620776
3.42875	0.0104567	-0.00558923
3.50668	0.00999485	-0.00503099
3.58461	0.00956977	-0.00452617
3.66253	0.00917909	-0.00406881
3.74046	0.00882051	-0.00365357
3.81838	0.00849212	-0.00327577
3.89631	0.00819206	-0.00293116
3.97424	0.00791882	-0.00261603
4.05216	0.00767091	-0.00232694
4.13009	0.00744713	-0.0020609
4.20802	0.00724626	-0.00181509
4.28594	0.00706738	-0.00158703
4.36387	0.00690953	-0.00137439
4.44179	0.00677202	-0.00117506
4.51972	0.00665408	-0.00098704
4.59765	0.00655524	-0.000808512
4.67557	0.00647495	-0.000637727
4.7535	0.00641291	-0.000473045
4.83143	0.00636876	-0.000312877
4.90935	0.00634239	-0.000155697
