-10.0138	0.000497913	-6.4449e-247
-9.93559	0.000498156	6.1136e-06
-9.85736	0.000498838	1.22458e-05
-9.77913	0.000500012	1.84165e-05
-9.70089	0.000501636	2.46438e-05
-9.62266	0.000503767	3.09496e-05
-9.54443	0.000506369	3.7352e-05
-9.4662	0.000509502	4.38757e-05
-9.38796	0.000513132	5.05391e-05
-9.30973	0.000517322	5.73699e-05
-9.2315	0.000522038	6.43872e-05
-9.15326	0.000527345	7.16221e-05
-9.07503	0.000533212	7.90945e-05
-8.9968	0.000539702	8.68388e-05
-8.91856	0.000546785	9.48761e-05
-8.84033	0.000554522	0.000103244
-8.7621	0.000562883	0.000111964
-8.68387	0.000571927	0.000121078
-8.60563	0.00058162	0.000130607
-8.5274	0.000592022	0.000140596
-8.44917	0.000603094	0.000151067
-8.37093	0.000614893	0.000162067
-8.2927	0.00062738	0.00017362
-8.21447	0.00064061	0.000185774
-8.13623	0.000654544	0.000198554
-8.058	0.00066924	0.000212014
-7.97977	0.000684659	0.000226181
-7.90154	0.000700864	0.000241113
-7.8233	0.000717823	0.000256841
-7.74507	0.000735603	0.000273431
-7.66684	0.000754181	0.00029092
-7.5886	0.000773633	0.000309382
-7.51037	0.000793944	0.000328862
-7.43214	0.000815197	0.000349446
-7.3539	0.000837385	0.000371187
-7.27567	0.000860598	0.000394183
-7.19744	0.000884836	0.000418496
-7.1192	0.000910193	0.000444238
-7.04097	0.000936671	0.000471481
-6.96274	0.000964371	0.00050035
-6.88451	0.000993299	0.000530929
-6.80627	0.00102356	0.000563359
-6.72804	0.00105515	0.000597736
-6.64981	0.00108819	0.000634218
-6.57157	0.00112269	0.000672916
-6.49334	0.00115876	0.000714006
-6.41511	0.00119641	0.000757619
-6.33687	0.00123577	0.000803954
-6.25864	0.00127685	0.000853165
-6.18041	0.00131979	0.00090548
-6.10218	0.00136463	0.000961082
-6.02394	0.00141151	0.00102024
-5.94571	0.00146048	0.00108317
-5.86748	0.00151171	0.00115018
-5.78924	0.00156527	0.00122154
-5.71101	0.00162133	0.00129763
-5.63278	0.00168	0.00137874
-5.55454	0.00174147	0.00146532
-5.47631	0.00180585	0.00155774
-5.39808	0.00187336	0.00165649
-5.31985	0.00194411	0.00176203
-5.24161	0.00201834	0.00187494
-5.16338	0.0020962	0.00199575
-5.08515	0.00217795	0.00212514
-5.00691	0.00226378	0.00226378
-4.92868	0.00235399	0.00241248
-4.85045	0.00244878	0.00257204
-4.77221	0.00254851	0.00274343
-4.69398	0.00265344	0.00292762
-4.61575	0.00276396	0.00312581
-4.53752	0.00288039	0.00333918
-4.45928	0.00300319	0.00356916
-4.38105	0.00313272	0.00381723
-4.30282	0.00326952	0.00408513
-4.22458	0.00341404	0.00437469
-4.14635	0.0035669	0.00468806
-4.06812	0.00372866	0.00502751
-3.98988	0.00390003	0.00539572
-3.91165	0.00408169	0.00579556
-3.83342	0.0042745	0.00623036
-3.75518	0.0044793	0.00670374
-3.67695	0.00469708	0.00721993
-3.59872	0.00492888	0.00778355
-3.52049	0.00517591	0.00839997
-3.44225	0.00543943	0.00907514
-3.36402	0.00572092	0.00981598
-3.28579	0.00602194	0.0106302
-3.20755	0.0063443	0.0115268
-3.12932	0.00668993	0.012516
-3.05109	0.00706109	0.0136095
-2.97285	0.00746019	0.0148209
-2.89462	0.00789005	0.0161658
-2.81639	0.00835372	0.0176625
-2.73816	0.00885474	0.0193321
-2.65992	0.009397	0.0211993
-2.58169	0.00998501	0.0232933
-2.50346	0.0106237	0.025648
-2.42522	0.011319	0.028304
-2.34699	0.0120772	0.0313091
-2.26876	0.0129059	0.0347204
-2.19052	0.0138135	0.0386063
-2.11229	0.0148098	0.0430491
-2.03406	0.0159059	0.048148
-1.95583	0.0171147	0.0540239
-1.87759	0.0184508	0.0608241
-1.79936	0.0199311	0.0687294
-1.72113	0.0215752	0.0779627
-1.64289	0.0234052	0.0888008
-1.56466	0.0254465	0.101588
-1.48643	0.0277278	0.116756
-1.40819	0.0302812	0.134848
-1.32996	0.0331417	0.156549
-1.25173	0.0363464	0.182726
-1.1735	0.0399321	0.214475
-1.09526	0.0439311	0.253181
-1.01703	0.0483628	0.300574
-0.938796	0.0532202	0.358782
-0.860563	0.0584458	0.43033
-0.78233	0.0638925	0.518027
-0.704097	0.0692623	0.624559
-0.625864	0.0740175	0.751512
-0.547631	0.0772694	0.897283
-0.469398	0.0776868	1.05317
-0.391165	0.0735484	1.19715
-0.312932	0.0632038	1.28654
-0.234699	0.046266	1.25613
-0.156466	0.0254142	1.03526
-0.078233	0.00729905	0.59475
0	-1.78506e-16	4.3895e-246
0.078233	0.00729905	-0.59475
0.156466	0.0254142	-1.03526
0.234699	0.046266	-1.25613
0.312932	0.0632038	-1.28654
0.391165	0.0735484	-1.19715
0.469398	0.0776868	-1.05317
0.547631	0.0772694	-0.897283
0.625864	0.0740175	-0.751512
0.704097	0.0692623	-0.624559
0.78233	0.0638925	-0.518027
0.860563	0.0584458	-0.43033
0.938796	0.0532202	-0.358782
1.01703	0.0483628	-0.300574
1.09526	0.0439311	-0.253181
1.1735	0.0399321	-0.214475
1.25173	0.0363464	-0.182726
1.32996	0.0331417	-0.156549
1.40819	0.0302812	-0.134848
1.48643	0.0277278	-0.116756
1.56466	0.0254465	-0.101588
1.64289	0.0234052	-0.0888008
1.72113	0.0215752	-0.0779627
1.79936	0.0199311	-0.0687294
1.87759	0.0184508	-0.0608241
1.95583	0.0171147	-0.0540239
2.03406	0.0159059	-0.048148
2.11229	0.0148098	-0.0430491
2.19052	0.0138135	-0.0386063
2.26876	0.0129059	-0.0347204
2.34699	0.0120772	-0.0313091
2.42522	0.011319	-0.028304
2.50346	0.0106237	-0.025648
2.58169	0.00998501	-0.0232933
2.65992	0.009397	-0.0211993
2.73816	0.00885474	-0.0193321
2.81639	0.00835372	-0.0176625
2.89462	0.00789005	-0.0161658
2.97285	0.00746019	-0.0148209
3.05109	0.00706109	-0.0136095
3.12932	0.00668993	-0.012516
3.20755	0.0063443	-0.0115268
3.28579	0.00602194	-0.0106302
3.36402	0.00572092	-0.00981598
3.44225	0.00543943	-0.00907514
3.52049	0.00517591	-0.00839997
3.59872	0.00492888	-0.00778355
3.67695	0.00469708	-0.00721993
3.75518	0.0044793	-0.00670374
3.83342	0.0042745	-0.00623036
3.91165	0.00408169	-0.00579556
3.98988	0.00390003	-0.00539572
4.06812	0.00372866	-0.00502751
4.14635	0.0035669	-0.00468806
4.22458	0.00341404	-0.00437469
4.30282	0.00326952	-0.00408513
4.38105	0.00313272	-0.00381723
4.45928	0.00300319	-0.00356916
4.53752	0.00288039	-0.00333918
4.61575	0.00276396	-0.00312581
4.69398	0.00265344	-0.00292762
4.77221	0.00254851	-0.00274343
4.85045	0.00244878	-0.00257204
4.92868	0.00235399	-0.00241248
5.00691	0.00226378	-0.00226378
5.08515	0.00217795	-0.00212514
5.16338	0.0020962	-0.00199575
5.24161	0.00201834	-0.00187494
5.31985	0.00194411	-0.00176203
5.39808	0.00187336	-0.00165649
5.47631	0.00180585	-0.00155774
5.55454	0.00174147	-0.00146532
5.63278	0.00168	-0.00137874
5.71101	0.00162133	-0.00129763
5.78924	0.00156527	-0.00122154
5.86748	0.00151171	-0.00115018
5.94571	0.00146048	-0.00108317
6.02394	0.00141151	-0.00102024
6.10218	0.00136463	-0.000961082
6.18041	0.00131979	-0.00090548
6.25864	0.00127685	-0.000853165
6.33687	0.00123577	-0.000803954
6.41511	0.00119641	-0.000757619
6.49334	0.00115876	-0.000714006
6.57157	0.00112269	-0.000672916
6.64981	0.00108819	-0.000634218
6.72804	0.00105515	-0.000597736
6.80627	0.00102356	-0.000563359
6.88451	0.000993299	-0.000530929
6.96274	0.000964371	-0.00050035
7.04097	0.000936671	-0.000471481
7.1192	0.000910193	-0.000444238
7.19744	0.000884836	-0.000418496
7.27567	0.000860598	-0.000394183
7.3539	0.000837385	-0.000371187
7.43214	0.000815197	-0.000349446
7.51037	0.000793944	-0.000328862
7.5886	0.000773633	-0.000309382
7.66684	0.000754181	-0.00029092
7.74507	0.000735603	-0.000273431
7.8233	0.000717823	-0.000256841
7.90154	0.000700864	-0.000241113
7.97977	0.000684659	-0.000226181
8.058	0.00066924	-0.000212014
8.13623	0.000654544	-0.000198554
8.21447	0.00064061	-0.000185774
8.2927	0.00062738	-0.00017362
8.37093	0.000614893	-0.000162067
8.44917	0.000603094	-0.000151067
8.5274	0.000592022	-0.000140596
8.60563	0.00058162	-0.000130607
8.68387	0.000571927	-0.000121078
8.7621	0.000562883	-0.000111964
8.84033	0.000554522	-0.000103244
8.91856	0.000546785	-9.48761e-05
8.9968	0.000539702	-8.68388e-05
9.07503	0.000533212	-7.90945e-05
9.15326	0.000527345	-7.16221e-05
9.2315	0.000522038	-6.43872e-05
9.30973	0.000517322	-5.73699e-05
9.38796	0.000513132	-5.05391e-05
9.4662	0.000509502	-4.38757e-05
9.54443	0.000506369	-3.7352e-05
9.62266	0.000503767	-3.09496e-05
9.70089	0.000501636	-2.46438e-05
9.77913	0.000500012	-1.84165e-05
9.85736	0.000498838	-1.22458e-05
9.93559	0.000498156	-6.1136e-06
