Up, En_kappa	0.0313259	4
kappa	0.7
laguerre nablasqmat
i 0	(-0.510204,0)	(-1.02041,0)	(-1.02041,0)	
i 1	(-1.02041,0)	(-2.55102,0)	(-3.06122,0)	
i 2	(-1.02041,0)	(-3.06122,0)	(-4.59184,0)	

kappa	-0.7
laguerre nablasqmat
i 0	(-0.510204,0)	(-1.02041,0)	(-1.02041,0)	
i 1	(-1.02041,0)	(-2.55102,0)	(-3.06122,0)	
i 2	(-1.02041,0)	(-3.06122,0)	(-4.59184,0)	

ecs nbdyelts	1
kappa	0.7
laguerre nablasqmat
i 0	(-0.510204,0)	(-1.02041,0)	(-1.02041,0)	
i 1	(-1.02041,0)	(-2.55102,0)	(-3.06122,0)	
i 2	(-1.02041,0)	(-3.06122,0)	(-4.59184,0)	

kappa	-0.7
laguerre nablasqmat
i 0	(-0.510204,0)	(-1.02041,0)	(-1.02041,0)	
i 1	(-1.02041,0)	(-2.55102,0)	(-3.06122,0)	
i 2	(-1.02041,0)	(-3.06122,0)	(-4.59184,0)	

ecs nbdyelts	1
setting up bandH,bandO
t0,t1,dt	0	0.01	0.01
Eiwtvec
i 0	(1,0)	
i 1	(0.999985,0.00669775)	
i 2	(-7.4766e-06,-3.00461e-08)	

EdotEiwt
i 0	(-9.99996e-05,-2.23259e-07)	
i 1	(-9.99989e-05,-4.46516e-07)	
i 2	(4.51792e-10,-1.11628e-07)	

coeffarray
i 0	(0,0)	(0,0)	(0,0)	
i 1	(0,0)	(0,0)	(0,0)	
i 2	(0,0)	(0,0)	(0,0)	

coeffarray
i 0	(-2.57193e-09,-1.05884e-11)	(-1.37682e-08,-6.56264e-11)	(-8.05773e-09,-4.15336e-11)	
i 1	(9.35717e-09,3.75385e-11)	(4.39794e-08,2.06296e-10)	(2.37986e-08,1.23291e-10)	
i 2	(-9.64896e-09,-3.80511e-11)	(-4.12652e-08,-1.91027e-10)	(-2.08528e-08,-1.08541e-10)	

coeffarray
i 0	(-7.45671e-09,-3.23768e-11)	(-5.03143e-08,-2.45483e-10)	(-3.274e-08,-1.67704e-10)	
i 1	(1.84247e-08,7.55422e-11)	(9.66665e-08,4.59676e-10)	(5.59403e-08,2.88546e-10)	
i 2	(-1.53499e-08,-6.09787e-11)	(-6.8406e-08,-3.18549e-10)	(-3.56624e-08,-1.8522e-10)	

coeffarray
i 0	(-9.81105e-09,-4.26211e-11)	(-6.63363e-08,-3.23714e-10)	(-4.32001e-08,-2.21274e-10)	
i 1	(2.41263e-08,9.89506e-11)	(1.26776e-07,6.02964e-10)	(7.34281e-08,3.78729e-10)	
i 2	(-2.0028e-08,-7.95737e-11)	(-8.93205e-08,-4.15986e-10)	(-4.65914e-08,-2.41973e-10)	

coeffarray
i 0	(-1.26793e-08,-5.50976e-11)	(-8.58331e-08,-4.18901e-10)	(-5.59235e-08,-2.86437e-10)	
i 1	(3.10905e-08,1.27537e-10)	(1.63521e-07,7.77811e-10)	(9.47593e-08,4.88737e-10)	
i 2	(-2.57534e-08,-1.0233e-10)	(-1.14906e-07,-5.35178e-10)	(-5.99571e-08,-3.11381e-10)	

coeffarray
i 0	(-1.6209e-08,-7.0449e-11)	(-1.09809e-07,-5.3595e-10)	(-7.15655e-08,-3.66548e-10)	
i 1	(3.96754e-08,1.62772e-10)	(2.08791e-07,9.93212e-10)	(1.21032e-07,6.24229e-10)	
i 2	(-3.28202e-08,-1.30416e-10)	(-1.46477e-07,-6.82249e-10)	(-7.64464e-08,-3.97011e-10)	

coeffarray
i 0	(-2.05812e-08,-8.94616e-11)	(-1.39493e-07,-6.80857e-10)	(-9.09278e-08,-4.65715e-10)	
i 1	(5.03201e-08,2.06458e-10)	(2.64903e-07,1.26019e-09)	(1.5359e-07,7.92141e-10)	
i 2	(-4.15895e-08,-1.65267e-10)	(-1.85648e-07,-8.64718e-10)	(-9.69023e-08,-5.03241e-10)	

coeffarray
i 0	(-2.60184e-08,-1.13104e-10)	(-1.76397e-07,-8.61006e-10)	(-1.14997e-07,-5.88989e-10)	
i 1	(6.35661e-08,2.60817e-10)	(3.34713e-07,1.59233e-09)	(1.94092e-07,1.00102e-09)	
i 2	(-5.2507e-08,-2.08655e-10)	(-2.34409e-07,-1.09186e-09)	(-1.22364e-07,-6.35469e-10)	

coeffarray
i 0	(-3.2796e-08,-1.42573e-10)	(-2.2239e-07,-1.08552e-09)	(-1.44993e-07,-7.42617e-10)	
i 1	(8.00833e-08,3.28597e-10)	(4.21751e-07,2.00644e-09)	(2.44585e-07,1.26143e-09)	
i 2	(-6.6124e-08,-2.6277e-10)	(-2.95223e-07,-1.37514e-09)	(-1.54119e-07,-8.00376e-10)	

coeffarray
i 0	(-4.1255e-08,-1.79352e-10)	(-2.79788e-07,-1.36571e-09)	(-1.82425e-07,-9.34333e-10)	
i 1	(1.00701e-07,4.13206e-10)	(5.30392e-07,2.52332e-09)	(3.07609e-07,1.58647e-09)	
i 2	(-8.31238e-08,-3.30329e-10)	(-3.71143e-07,-1.72878e-09)	(-1.93761e-07,-1.00624e-09)	

coeffarray
i 0	(-5.18183e-08,-2.25279e-10)	(-3.51461e-07,-1.71558e-09)	(-2.29167e-07,-1.17373e-09)	
i 1	(1.2645e-07,5.18866e-10)	(6.66061e-07,3.1688e-09)	(3.86312e-07,1.99236e-09)	
i 2	(-1.04354e-07,-4.14699e-10)	(-4.65954e-07,-2.17042e-09)	(-2.43266e-07,-1.26333e-09)	

coeffarray
i 0	(-6.50103e-08,-2.82635e-10)	(-4.40969e-07,-2.15251e-09)	(-2.8754e-07,-1.4727e-09)	
i 1	(1.58604e-07,6.50815e-10)	(8.35486e-07,3.97487e-09)	(4.84597e-07,2.49925e-09)	
i 2	(-1.30865e-07,-5.20056e-10)	(-5.84349e-07,-2.72193e-09)	(-3.05087e-07,-1.58437e-09)	

coeffarray
i 0	(-8.14809e-08,-3.54246e-10)	(-5.52724e-07,-2.69804e-09)	(-3.60422e-07,-1.84597e-09)	
i 1	(1.98747e-07,8.15541e-10)	(1.047e-06,4.9812e-09)	(6.07302e-07,3.13208e-09)	
i 2	(-1.63959e-07,-6.51574e-10)	(-7.32144e-07,-3.41038e-09)	(-3.82259e-07,-1.98514e-09)	

coeffarray
i 0	(-1.02035e-07,-4.43613e-10)	(-6.92192e-07,-3.37885e-09)	(-4.51378e-07,-2.31182e-09)	
i 1	(2.48835e-07,1.02108e-09)	(1.31093e-06,6.23692e-09)	(7.60416e-07,3.92174e-09)	
i 2	(-2.05247e-07,-8.15658e-10)	(-9.1654e-07,-4.26933e-09)	(-4.78544e-07,-2.48516e-09)	

coeffarray
i 0	(-1.27669e-07,-5.55064e-10)	(-8.66133e-07,-4.22795e-09)	(-5.6482e-07,-2.89283e-09)	
i 1	(3.11291e-07,1.27738e-09)	(1.64005e-06,7.80277e-09)	(9.51351e-07,4.90645e-09)	
i 2	(-2.56723e-07,-1.02023e-09)	(-1.14644e-06,-5.34024e-09)	(-5.98592e-07,-3.10859e-09)	

coeffarray
i 0	(-1.59613e-07,-6.93952e-10)	(-1.0829e-06,-5.28612e-09)	(-7.06197e-07,-3.61692e-09)	
i 1	(3.89106e-07,1.5967e-09)	(2.05012e-06,9.7538e-09)	(1.18926e-06,6.13341e-09)	
i 2	(-3.20848e-07,-1.27507e-09)	(-1.43284e-06,-6.67433e-09)	(-7.48144e-07,-3.88523e-09)	

coeffarray
i 0	(-1.99384e-07,-8.66875e-10)	(-1.35281e-06,-6.60369e-09)	(-8.82235e-07,-4.51852e-09)	
i 1	(4.85968e-07,1.99419e-09)	(2.56059e-06,1.21826e-08)	(1.48543e-06,7.66085e-09)	
i 2	(-4.00654e-07,-1.59223e-09)	(-1.78928e-06,-8.33474e-09)	(-9.3428e-07,-4.85186e-09)	

coeffarray
i 0	(-2.48852e-07,-1.08196e-09)	(-1.68854e-06,-8.24262e-09)	(-1.10122e-06,-5.64006e-09)	
i 1	(6.06418e-07,2.48849e-09)	(3.19541e-06,1.5203e-08)	(1.85377e-06,9.56045e-09)	
i 2	(-4.99874e-07,-1.98655e-09)	(-2.23245e-06,-1.03991e-08)	(-1.16571e-06,-6.05371e-09)	

coeffarray
i 0	(-3.10313e-07,-1.3492e-09)	(-2.10571e-06,-1.02791e-08)	(-1.37332e-06,-7.03368e-09)	
i 1	(7.56032e-07,3.10247e-09)	(3.98401e-06,1.8955e-08)	(2.31134e-06,1.19203e-08)	
i 2	(-6.23091e-07,-2.47623e-09)	(-2.78283e-06,-1.2963e-08)	(-1.45314e-06,-7.54633e-09)	

coeffarray
i 0	(-3.86584e-07,-1.68084e-09)	(-2.62344e-06,-1.28065e-08)	(-1.71104e-06,-8.76333e-09)	
i 1	(9.41645e-07,3.8642e-09)	(4.96242e-06,2.36103e-08)	(2.87908e-06,1.48482e-08)	
i 2	(-7.7592e-07,-3.08361e-09)	(-3.4655e-06,-1.61431e-08)	(-1.80966e-06,-9.3978e-09)	

coeffarray
i 0	(-4.81111e-07,-2.09186e-09)	(-3.26516e-06,-1.59392e-08)	(-2.12964e-06,-1.09073e-08)	
i 1	(1.17162e-06,4.80797e-09)	(6.17476e-06,2.93787e-08)	(3.5826e-06,1.84764e-08)	
i 2	(-9.65221e-07,-3.83594e-09)	(-4.31114e-06,-2.00823e-08)	(-2.25131e-06,-1.16913e-08)	

coeffarray
i 0	(-5.98095e-07,-2.60055e-09)	(-4.05943e-06,-1.98167e-08)	(-2.64779e-06,-1.3561e-08)	
i 1	(1.45613e-06,5.97562e-09)	(7.67479e-06,3.6516e-08)	(4.45311e-06,2.29659e-08)	
i 2	(-1.19936e-06,-4.76646e-09)	(-5.35711e-06,-2.49548e-08)	(-2.7976e-06,-1.45282e-08)	

coeffarray
i 0	(-7.42651e-07,-3.22915e-09)	(-5.04101e-06,-2.46087e-08)	(-3.28817e-06,-1.68408e-08)	
i 1	(1.80757e-06,7.41796e-09)	(9.52787e-06,4.53332e-08)	(5.52859e-06,2.85123e-08)	
i 2	(-1.48848e-06,-5.91553e-09)	(-6.6488e-06,-3.09721e-08)	(-3.47227e-06,-1.80318e-08)	

coeffarray
i 0	(-9.20973e-07,-4.0046e-09)	(-6.25205e-06,-3.0521e-08)	(-4.07829e-06,-2.08874e-08)	
i 1	(2.24094e-06,9.19657e-09)	(1.18132e-05,5.62074e-08)	(6.85502e-06,3.53529e-08)	
i 2	(-1.84488e-06,-7.332e-09)	(-8.24117e-06,-3.83901e-08)	(-4.30402e-06,-2.23511e-08)	

coeffarray
i 0	(-1.14054e-06,-4.95946e-09)	(-7.74346e-06,-3.78021e-08)	(-5.05139e-06,-2.58712e-08)	
i 1	(2.77433e-06,1.13857e-08)	(1.46263e-05,6.95932e-08)	(8.48792e-06,4.3774e-08)	
i 2	(-2.28338e-06,-9.07477e-09)	(-1.02005e-05,-4.75175e-08)	(-5.32748e-06,-2.7666e-08)	

coeffarray
i 0	(-1.41036e-06,-6.13286e-09)	(-9.57645e-06,-4.67509e-08)	(-6.24746e-06,-3.19969e-08)	
i 1	(3.42947e-06,1.40746e-08)	(1.80821e-05,8.60369e-08)	(1.0494e-05,5.41196e-08)	
i 2	(-2.82175e-06,-1.12145e-08)	(-1.26062e-05,-5.87247e-08)	(-6.58422e-06,-3.41922e-08)	

coeffarray
i 0	(-1.74118e-06,-7.57163e-09)	(-1.18243e-05,-5.77253e-08)	(-7.71433e-06,-3.95095e-08)	
i 1	(4.23232e-06,1.73699e-08)	(2.23177e-05,1.06192e-07)	(1.2953e-05,6.68008e-08)	
i 2	(-3.48121e-06,-1.38356e-08)	(-1.55533e-05,-7.24541e-08)	(-8.12385e-06,-4.21875e-08)	

coeffarray
i 0	(-2.14579e-06,-9.33143e-09)	(-1.45742e-05,-7.1151e-08)	(-9.50898e-06,-4.87007e-08)	
i 1	(5.2137e-06,2.13981e-08)	(2.74961e-05,1.30834e-07)	(1.59597e-05,8.23064e-08)	
i 2	(-4.28694e-06,-1.7038e-08)	(-1.91543e-05,-8.92302e-08)	(-1.00053e-05,-5.19575e-08)	

coeffarray
i 0	(-2.63932e-06,-1.14781e-08)	(-1.79291e-05,-8.75312e-08)	(-1.16987e-05,-5.99154e-08)	
i 1	(6.41e-06,2.63087e-08)	(3.38097e-05,1.60878e-07)	(1.96259e-05,1.01213e-07)	
i 2	(-5.26857e-06,-2.09396e-08)	(-2.35421e-05,-1.09671e-07)	(-1.22979e-05,-6.38628e-08)	

coeffarray
i 0	(-3.23948e-06,-1.40887e-08)	(-2.201e-05,-1.07456e-07)	(-1.43626e-05,-7.35581e-08)	
i 1	(7.86374e-06,3.22762e-08)	(4.14838e-05,1.97398e-07)	(2.40827e-05,1.24197e-07)	
i 2	(-6.46073e-06,-2.56782e-08)	(-2.88714e-05,-1.345e-07)	(-1.50827e-05,-7.83241e-08)	

coeffarray
i 0	(-3.96683e-06,-1.72527e-08)	(-2.69572e-05,-1.31612e-07)	(-1.75924e-05,-9.0099e-08)	
i 1	(9.6242e-06,3.95032e-08)	(5.07793e-05,2.41635e-07)	(2.94819e-05,1.5204e-07)	
i 2	(-7.90345e-06,-3.14127e-08)	(-3.53217e-05,-1.64551e-07)	(-1.84536e-05,-9.58287e-08)	

coeffarray
i 0	(-4.84497e-06,-2.10731e-08)	(-3.29322e-05,-1.60787e-07)	(-2.14936e-05,-1.10079e-07)	
i 1	(1.17478e-05,4.82213e-08)	(6.19953e-05,2.95014e-07)	(3.59977e-05,1.85641e-07)	
i 2	(-9.6424e-06,-3.83249e-08)	(-4.30975e-05,-2.00779e-07)	(-2.25177e-05,-1.16933e-07)	

coeffarray
i 0	(-5.90061e-06,-2.56661e-08)	(-4.01176e-05,-1.95873e-07)	(-2.6186e-05,-1.3411e-07)	
i 1	(1.4298e-05,5.86917e-08)	(7.54692e-05,3.5914e-07)	(4.38267e-05,2.26014e-07)	
i 2	(-1.17289e-05,-4.66191e-08)	(-5.24293e-05,-2.44257e-07)	(-2.73956e-05,-1.42263e-07)	

coeffarray
i 0	(-7.1634e-06,-3.1161e-08)	(-4.8717e-05,-2.37866e-07)	(-3.18027e-05,-1.62874e-07)	
i 1	(1.73452e-05,7.12036e-08)	(9.15749e-05,4.35796e-07)	(5.31868e-05,2.74282e-07)	
i 2	(-1.42196e-05,-5.65201e-08)	(-6.35707e-05,-2.96168e-07)	(-3.32203e-05,-1.72509e-07)	

coeffarray
i 0	(-8.66554e-06,-3.76983e-08)	(-5.89517e-05,-2.87846e-07)	(-3.84889e-05,-1.97116e-07)	
i 1	(2.09653e-05,8.60688e-08)	(0.000110717,5.26906e-07)	(6.43141e-05,3.31661e-07)	
i 2	(-1.71752e-05,-6.82694e-08)	(-7.67945e-05,-3.57783e-07)	(-4.01349e-05,-2.08414e-07)	

coeffarray
i 0	(-1.04408e-05,-4.54255e-08)	(-7.10549e-05,-3.46954e-07)	(-4.63977e-05,-2.37617e-07)	
i 1	(2.52372e-05,1.03612e-07)	(0.000133316,6.34481e-07)	(7.74552e-05,3.99425e-07)	
i 2	(-2.06583e-05,-8.21167e-08)	(-9.23829e-05,-4.30418e-07)	(-4.82874e-05,-2.50746e-07)	

coeffarray
i 0	(-1.25232e-05,-5.44907e-08)	(-8.52616e-05,-4.1634e-07)	(-5.56835e-05,-2.85171e-07)	
i 1	(3.02391e-05,1.24156e-07)	(0.000159793,7.60522e-07)	(9.2856e-05,4.78838e-07)	
i 2	(-2.47303e-05,-9.83058e-08)	(-0.000110612,-5.15363e-07)	(-5.78232e-05,-3.00261e-07)	

coeffarray
i 0	(-1.49441e-05,-6.50321e-08)	(-0.000101792,-4.97081e-07)	(-6.64918e-05,-3.4052e-07)	
i 1	(3.60421e-05,1.47994e-07)	(0.000190532,9.06864e-07)	(0.000110743,5.71069e-07)	
i 2	(-2.94457e-05,-1.17054e-07)	(-0.00013173,-6.13772e-07)	(-6.8873e-05,-3.57636e-07)	

coeffarray
i 0	(-1.77291e-05,-7.71617e-08)	(-0.000120828,-5.90067e-07)	(-7.8943e-05,-4.0428e-07)	
i 1	(4.27009e-05,1.75352e-07)	(0.000225835,1.07495e-06)	(0.000131295,6.7704e-07)	
i 2	(-3.48447e-05,-1.38523e-07)	(-0.00015592,-7.26505e-07)	(-8.15344e-05,-4.23378e-07)	

coeffarray
i 0	(-2.08924e-05,-9.09434e-08)	(-0.000142476,-6.95827e-07)	(-9.311e-05,-4.76825e-07)	
i 1	(5.02414e-05,2.06339e-07)	(0.000265853,1.26551e-06)	(0.000154605,7.97229e-07)	
i 2	(-4.09422e-05,-1.62771e-07)	(-0.000183254,-8.53901e-07)	(-9.58473e-05,-4.97692e-07)	

coeffarray
i 0	(-2.44302e-05,-1.06362e-07)	(-0.000166724,-8.14304e-07)	(-0.000108988,-5.58126e-07)	
i 1	(5.86431e-05,2.40874e-07)	(0.000310497,1.47813e-06)	(0.000180629,9.31403e-07)	
i 2	(-4.77134e-05,-1.89702e-07)	(-0.00021363,-9.95484e-07)	(-0.00011176,-5.80313e-07)	

coeffarray
i 0	(-2.83115e-05,-1.23287e-07)	(-0.000193377,-9.44553e-07)	(-0.000126452,-6.47552e-07)	
i 1	(6.78174e-05,2.78597e-07)	(0.000359325,1.71071e-06)	(0.000209117,1.07827e-06)	
i 2	(-5.50765e-05,-2.18991e-07)	(-0.000246688,-1.14959e-06)	(-0.00012909,-6.70283e-07)	

coeffarray
i 0	(-3.24675e-05,-1.4142e-07)	(-0.000221986,-1.08439e-06)	(-0.000145216,-7.43623e-07)	
i 1	(7.7582e-05,3.18764e-07)	(0.000411402,1.95884e-06)	(0.000239534,1.23508e-06)	
i 2	(-6.28713e-05,-2.50003e-07)	(-0.000281724,-1.31294e-06)	(-0.00014747,-7.65706e-07)	

coeffarray
i 0	(-3.67803e-05,-1.60252e-07)	(-0.000251767,-1.22999e-06)	(-0.000164772,-8.43745e-07)	
i 1	(8.76349e-05,3.60141e-07)	(0.000465162,2.21506e-06)	(0.000270981,1.39718e-06)	
i 2	(-7.08395e-05,-2.81714e-07)	(-0.000317591,-1.48021e-06)	(-0.000166308,-8.63492e-07)	

coeffarray
i 0	(-4.1073e-05,-1.79016e-07)	(-0.000281536,-1.3756e-06)	(-0.000184351,-9.43977e-07)	
i 1	(9.75343e-05,4.00917e-07)	(0.000518297,2.46841e-06)	(0.000302125,1.55769e-06)	
i 2	(-7.86097e-05,-3.12649e-07)	(-0.00035264,-1.6437e-06)	(-0.000184742,-9.59177e-07)	

coeffarray
i 0	(-4.5107e-05,-1.96677e-07)	(-0.000309678,-1.51331e-06)	(-0.000202902,-1.03893e-06)	
i 1	(0.000106695,4.38694e-07)	(0.00056773,2.70425e-06)	(0.000331183,1.70743e-06)	
i 2	(-8.57001e-05,-3.40892e-07)	(-0.000384718,-1.7934e-06)	(-0.00020165,-1.04693e-06)	

coeffarray
i 0	(-4.85915e-05,-2.11967e-07)	(-0.000334206,-1.63343e-06)	(-0.000219123,-1.12195e-06)	
i 1	(0.000114423,4.70613e-07)	(0.000609773,2.90503e-06)	(0.000356006,1.83531e-06)	
i 2	(-9.15491e-05,-3.64211e-07)	(-0.000411309,-1.91757e-06)	(-0.000215715,-1.1199e-06)	

coeffarray
i 0	(-5.12139e-05,-2.2352e-07)	(-0.000352955,-1.72537e-06)	(-0.000231594,-1.18575e-06)	
i 1	(0.000119992,4.93693e-07)	(0.000640541,3.05221e-06)	(0.000374318,1.9296e-06)	
i 2	(-9.55892e-05,-3.80347e-07)	(-0.000429852,-2.00428e-06)	(-0.000225589,-1.17111e-06)	

coeffarray
i 0	(-5.26934e-05,-2.30104e-07)	(-0.000363944,-1.77943e-06)	(-0.000239001,-1.22361e-06)	
i 1	(0.000122784,5.05376e-07)	(0.000656657,3.12966e-06)	(0.000384122,1.98002e-06)	
i 2	(-9.73598e-05,-3.87462e-07)	(-0.000438248,-2.0437e-06)	(-0.000230159,-1.19478e-06)	

coeffarray
i 0	(-5.28487e-05,-2.30913e-07)	(-0.000365837,-1.78903e-06)	(-0.000240447,-1.23096e-06)	
i 1	(0.000122449,5.04194e-07)	(0.000656109,3.12774e-06)	(0.0003842,1.98029e-06)	
i 2	(-9.66333e-05,-3.84642e-07)	(-0.000435424,-2.03083e-06)	(-0.000228845,-1.1879e-06)	

coeffarray
i 0	(-5.16595e-05,-2.25842e-07)	(-0.000358385,-1.75292e-06)	(-0.000235742,-1.20682e-06)	
i 1	(0.000119029,4.90303e-07)	(0.00063897,3.04668e-06)	(0.000374541,1.93039e-06)	
i 2	(-9.35053e-05,-3.72259e-07)	(-0.000421753,-1.96734e-06)	(-0.00022182,-1.15137e-06)	

coeffarray
i 0	(-4.92752e-05,-2.15529e-07)	(-0.000342534,-1.67568e-06)	(-0.000225486,-1.15427e-06)	
i 1	(0.000112946,4.65414e-07)	(0.000607364,2.89655e-06)	(0.000356348,1.83651e-06)	
i 2	(-8.8353e-05,-3.51807e-07)	(-0.000398886,-1.86091e-06)	(-0.000209934,-1.08963e-06)	

coeffarray
i 0	(-4.59599e-05,-2.0112e-07)	(-0.000320064,-1.566e-06)	(-0.000210836,-1.07923e-06)	
i 1	(0.000104855,4.32211e-07)	(0.000564725,2.69369e-06)	(0.000331609,1.70893e-06)	
i 2	(-8.17144e-05,-3.25423e-07)	(-0.000369226,-1.72274e-06)	(-0.000194441,-1.00917e-06)	

coeffarray
i 0	(-4.20246e-05,-1.83972e-07)	(-0.000293117,-1.43435e-06)	(-0.000193199,-9.88918e-07)	
i 1	(9.54821e-05,3.9369e-07)	(0.000514946,2.45663e-06)	(0.000302601,1.55937e-06)	
i 2	(-7.41655e-05,-2.95399e-07)	(-0.000335365,-1.56491e-06)	(-0.000176704,-9.17079e-07)	

coeffarray
i 0	(-3.77682e-05,-1.65395e-07)	(-0.000263784,-1.29096e-06)	(-0.000173952,-8.90377e-07)	
i 1	(8.55062e-05,3.52643e-07)	(0.000461686,2.20283e-06)	(0.000271475,1.39891e-06)	
i 2	(-6.62281e-05,-2.63816e-07)	(-0.000299666,-1.39846e-06)	(-0.000157967,-8.1981e-07)	

coeffarray
i 0	(-3.34429e-05,-1.46496e-07)	(-0.000233842,-1.14454e-06)	(-0.000154273,-7.8963e-07)	
i 1	(7.54825e-05,3.11369e-07)	(0.000407972,1.94677e-06)	(0.000240021,1.23679e-06)	
i 2	(-5.8322e-05,-2.32346e-07)	(-0.000264039,-1.23229e-06)	(-0.000139241,-7.2261e-07)	

coeffarray
i 0	(-2.92394e-05,-1.28114e-07)	(-0.000204649,-1.00174e-06)	(-0.000135062,-6.91288e-07)	
i 1	(6.58223e-05,2.71568e-07)	(0.000356065,1.69925e-06)	(0.000209579,1.0799e-06)	
i 2	(-5.07519e-05,-2.02205e-07)	(-0.000229876,-1.07292e-06)	(-0.000121267,-6.29314e-07)	

coeffarray
i 0	(-2.52883e-05,-1.10825e-07)	(-0.000177141,-8.67152e-07)	(-0.000116944,-5.98544e-07)	
i 1	(5.68001e-05,2.3438e-07)	(0.000307485,1.46753e-06)	(0.000181057,9.32907e-07)	
i 2	(-4.37171e-05,-1.7419e-07)	(-0.000198093,-9.2463e-07)	(-0.000104531,-5.42452e-07)	

coeffarray
i 0	(-2.16687e-05,-9.49793e-08)	(-0.000151893,-7.43602e-07)	(-0.000100303,-5.13362e-07)	
i 1	(4.85761e-05,2.00471e-07)	(0.00026313,1.25593e-06)	(0.000154992,7.98589e-07)	
i 2	(-3.73297e-05,-1.48749e-07)	(-0.00016921,-7.8985e-07)	(-8.93117e-05,-4.63467e-07)	

coeffarray
i 0	(-1.84191e-05,-8.07478e-08)	(-0.000129192,-6.32502e-07)	(-8.53314e-05,-4.36732e-07)	
i 1	(4.12223e-05,1.70141e-07)	(0.000223416,1.06644e-06)	(0.000131638,6.78247e-07)	
i 2	(-3.16362e-05,-1.26069e-07)	(-0.000143446,-6.69615e-07)	(-7.57295e-05,-3.92978e-07)	

coeffarray
i 0	(-1.55488e-05,-6.81734e-08)	(-0.000109116,-5.34239e-07)	(-7.20855e-05,-3.68935e-07)	
i 1	(3.47479e-05,1.43433e-07)	(0.000188415,8.99417e-07)	(0.000111043,5.72126e-07)	
i 2	(-2.66364e-05,-1.0615e-07)	(-0.000120807,-5.63958e-07)	(-6.37901e-05,-3.31018e-07)	

coeffarray
i 0	(-1.30469e-05,-5.72103e-08)	(-9.16001e-05,-4.48496e-07)	(-6.05241e-05,-3.09761e-07)	
i 1	(2.91197e-05,1.2021e-07)	(0.000157961,7.54079e-07)	(9.31158e-05,4.79753e-07)	
i 2	(-2.22993e-05,-8.88695e-08)	(-0.00010116,-4.72255e-07)	(-5.34246e-05,-2.77226e-07)	

coeffarray
i 0	(-1.089e-05,-4.77568e-08)	(-7.64866e-05,-3.7451e-07)	(-5.05456e-05,-2.58689e-07)	
i 1	(2.42784e-05,1.00232e-07)	(0.000131746,6.2896e-07)	(7.76778e-05,4.00208e-07)	
i 2	(-1.85753e-05,-7.40308e-08)	(-8.42832e-05,-3.93479e-07)	(-4.45181e-05,-2.31007e-07)	

coeffarray
i 0	(-9.04752e-06,-3.96803e-08)	(-6.35679e-05,-3.11264e-07)	(-4.20138e-05,-2.15022e-07)	
i 1	(2.01508e-05,8.31971e-08)	(0.000109383,5.22214e-07)	(6.45032e-05,3.32327e-07)	
i 2	(-1.54051e-05,-6.13981e-08)	(-6.99113e-05,-3.26391e-07)	(-3.69317e-05,-1.91639e-07)	

coeffarray
i 0	(-7.48599e-06,-3.28342e-08)	(-5.26123e-05,-2.57626e-07)	(-3.47771e-05,-1.77984e-07)	
i 1	(1.66583e-05,6.87811e-08)	(9.04495e-05,4.31838e-07)	(5.33464e-05,2.74844e-07)	
i 2	(-1.27261e-05,-5.07222e-08)	(-5.77626e-05,-2.69679e-07)	(-3.05174e-05,-1.58354e-07)	

coeffarray
i 0	(-6.17138e-06,-2.707e-08)	(-4.33846e-05,-2.12446e-07)	(-2.86805e-05,-1.46782e-07)	
i 1	(1.37221e-05,5.66607e-08)	(7.45254e-05,3.55821e-07)	(4.39605e-05,2.26485e-07)	
i 2	(-1.04764e-05,-4.17566e-08)	(-4.75581e-05,-2.22042e-07)	(-2.51287e-05,-1.30391e-07)	

coeffarray
i 0	(-5.07104e-06,-2.22447e-08)	(-3.56577e-05,-1.74613e-07)	(-2.35746e-05,-1.2065e-07)	
i 1	(1.12676e-05,4.65275e-08)	(6.1208e-05,2.92244e-07)	(3.61093e-05,1.86034e-07)	
i 2	(-8.59753e-06,-3.42687e-08)	(-3.90339e-05,-1.82246e-07)	(-2.06266e-05,-1.07029e-07)	

coeffarray
i 0	(-4.15471e-06,-1.8226e-08)	(-2.92205e-05,-1.43093e-07)	(-1.93203e-05,-9.8877e-08)	
i 1	(9.22563e-06,3.80972e-08)	(5.01256e-05,2.39336e-07)	(2.95746e-05,1.52366e-07)	
i 2	(-7.03587e-06,-2.80446e-08)	(-3.19474e-05,-1.49162e-07)	(-1.68833e-05,-8.76053e-08)	

coeffarray
i 0	(-3.39498e-06,-1.48939e-08)	(-2.38817e-05,-1.16951e-07)	(-1.57915e-05,-8.08171e-08)	
i 1	(7.53429e-06,3.11139e-08)	(4.09433e-05,1.95497e-07)	(2.41593e-05,1.24466e-07)	
i 2	(-5.74331e-06,-2.2893e-08)	(-2.6081e-05,-1.21774e-07)	(-1.37841e-05,-7.15236e-08)	

coeffarray
i 0	(-2.76756e-06,-1.21418e-08)	(-1.94714e-05,-9.53546e-08)	(-1.28761e-05,-6.58965e-08)	
i 1	(6.13866e-06,2.53512e-08)	(3.33644e-05,1.59312e-07)	(1.9689e-05,1.01435e-07)	
i 2	(-4.67747e-06,-1.86448e-08)	(-2.12428e-05,-9.91857e-08)	(-1.12278e-05,-5.82594e-08)	

coeffarray
i 0	(-2.2512e-06,-9.87681e-09)	(-1.58409e-05,-7.75765e-08)	(-1.04759e-05,-5.3613e-08)	
i 1	(4.99096e-06,2.0612e-08)	(2.71303e-05,1.29547e-07)	(1.60115e-05,8.24887e-08)	
i 2	(-3.80149e-06,-1.51533e-08)	(-1.7266e-05,-8.06183e-08)	(-9.12646e-06,-4.73554e-08)	

coeffarray
i 0	(-1.82757e-06,-8.01843e-09)	(-1.28617e-05,-6.29874e-08)	(-8.50618e-06,-4.35322e-08)	
i 1	(4.04998e-06,1.67264e-08)	(2.20182e-05,1.05138e-07)	(1.29954e-05,6.695e-08)	
i 2	(-3.08368e-06,-1.22922e-08)	(-1.40069e-05,-6.54015e-08)	(-7.40417e-06,-3.84187e-08)	

coeffarray
i 0	(-1.48098e-06,-6.49796e-09)	(-1.04238e-05,-5.10489e-08)	(-6.89421e-06,-3.52825e-08)	
i 1	(3.28061e-06,1.35492e-08)	(1.78375e-05,8.51765e-08)	(1.05286e-05,5.42414e-08)	
i 2	(-2.49707e-06,-9.95394e-09)	(-1.13431e-05,-5.29643e-08)	(-5.99639e-06,-3.11139e-08)	

coeffarray
i 0	(-1.19814e-06,-5.25708e-09)	(-8.43392e-06,-4.13043e-08)	(-5.57839e-06,-2.85484e-08)	
i 1	(2.65308e-06,1.09577e-08)	(1.4427e-05,6.8892e-08)	(8.51611e-06,4.38732e-08)	
i 2	(-2.01882e-06,-8.04761e-09)	(-9.17123e-06,-4.28235e-08)	(-4.84848e-06,-2.51575e-08)	

coeffarray
i 0	(-9.67842e-07,-4.24669e-09)	(-6.81348e-06,-3.33687e-08)	(-4.50678e-06,-2.30642e-08)	
i 1	(2.1424e-06,8.84859e-09)	(1.16511e-05,5.56371e-08)	(6.87792e-06,3.54335e-08)	
i 2	(-1.62977e-06,-6.49681e-09)	(-7.40427e-06,-3.45733e-08)	(-3.91452e-06,-2.03114e-08)	

coeffarray
i 0	(-7.80715e-07,-3.42568e-09)	(-5.49662e-06,-2.69197e-08)	(-3.63588e-06,-1.86072e-08)	
i 1	(1.72763e-06,7.13562e-09)	(9.39631e-06,4.48704e-08)	(5.54715e-06,2.85775e-08)	
i 2	(-1.31392e-06,-5.23775e-09)	(-5.96961e-06,-2.78745e-08)	(-3.15617e-06,-1.63765e-08)	

coeffarray
i 0	(-6.28954e-07,-2.75982e-09)	(-4.4285e-06,-2.16888e-08)	(-2.92945e-06,-1.49919e-08)	
i 1	(1.39139e-06,5.74694e-09)	(7.56818e-06,3.61408e-08)	(4.46812e-06,2.30186e-08)	
i 2	(-1.05794e-06,-4.21739e-09)	(-4.80687e-06,-2.24454e-08)	(-2.54152e-06,-1.31872e-08)	

coeffarray
i 0	(-5.06085e-07,-2.22071e-09)	(-3.56363e-06,-1.74532e-08)	(-2.35742e-06,-1.20644e-08)	
i 1	(1.11927e-06,4.62304e-09)	(6.08849e-06,2.9075e-08)	(3.5947e-06,1.85189e-08)	
i 2	(-8.5085e-07,-3.39185e-09)	(-3.86609e-06,-1.80526e-08)	(-2.04417e-06,-1.06066e-08)	

coeffarray
i 0	(-4.06764e-07,-1.78491e-09)	(-2.86445e-06,-1.4029e-08)	(-1.89495e-06,-9.69768e-09)	
i 1	(8.99379e-07,3.71485e-09)	(4.89269e-06,2.33648e-08)	(2.88881e-06,1.48823e-08)	
i 2	(-6.83551e-07,-2.72495e-09)	(-3.10605e-06,-1.45037e-08)	(-1.64236e-06,-8.52169e-09)	

coeffarray
i 0	(-3.26595e-07,-1.43314e-09)	(-2.30003e-06,-1.12647e-08)	(-1.52161e-06,-7.78703e-09)	
i 1	(7.21945e-07,2.982e-09)	(3.92769e-06,1.87566e-08)	(2.31913e-06,1.19475e-08)	
i 2	(-5.4859e-07,-2.18694e-09)	(-2.49289e-06,-1.16406e-08)	(-1.31818e-06,-6.83962e-09)	

coeffarray
i 0	(-2.61968e-07,-1.14956e-09)	(-1.845e-06,-9.03623e-09)	(-1.22061e-06,-6.24664e-09)	
i 1	(5.78955e-07,2.3914e-09)	(3.14995e-06,1.50427e-08)	(1.85998e-06,9.58203e-09)	
i 2	(-4.39854e-07,-1.75348e-09)	(-1.99885e-06,-9.33372e-09)	(-1.05697e-06,-5.48428e-09)	

coeffarray
i 0	(-2.09935e-07,-9.21237e-10)	(-1.47862e-06,-7.24182e-09)	(-9.78244e-07,-5.00628e-09)	
i 1	(4.63858e-07,1.91601e-09)	(2.52388e-06,1.20529e-08)	(1.49035e-06,7.6778e-09)	
i 2	(-3.52348e-07,-1.40464e-09)	(-1.60125e-06,-7.47715e-09)	(-8.4675e-07,-4.39349e-09)	

coeffarray
i 0	(-1.68086e-07,-7.37602e-10)	(-1.18392e-06,-5.79854e-09)	(-7.83296e-07,-4.00861e-09)	
i 1	(3.71312e-07,1.53375e-09)	(2.02044e-06,9.64883e-09)	(1.19311e-06,6.14652e-09)	
i 2	(-2.82001e-07,-1.12421e-09)	(-1.2816e-06,-5.98456e-09)	(-6.77736e-07,-3.51653e-09)	

coeffarray
i 0	(-1.34461e-07,-5.90053e-10)	(-9.47133e-07,-4.63883e-09)	(-6.26648e-07,-3.20694e-09)	
i 1	(2.96971e-07,1.22668e-09)	(1.61601e-06,7.71748e-09)	(9.54318e-07,4.91633e-09)	
i 2	(-2.25502e-07,-8.98978e-10)	(-1.02486e-06,-4.78573e-09)	(-5.41983e-07,-2.81215e-09)	

coeffarray
i 0	(-1.07468e-07,-4.71603e-10)	(-7.57032e-07,-3.70778e-09)	(-5.00885e-07,-2.56333e-09)	
i 1	(2.37301e-07,9.80221e-10)	(1.29138e-06,6.16723e-09)	(7.62641e-07,3.92886e-09)	
i 2	(-1.8016e-07,-7.18225e-10)	(-8.18823e-07,-3.82362e-09)	(-4.33034e-07,-2.24685e-09)	

coeffarray
i 0	(-8.58133e-08,-3.7658e-10)	(-6.04528e-07,-2.96087e-09)	(-3.99992e-07,-2.047e-09)	
i 1	(1.89442e-07,7.82535e-10)	(1.031e-06,4.92375e-09)	(6.0889e-07,3.13678e-09)	
i 2	(-1.43797e-07,-5.73262e-10)	(-6.53578e-07,-3.052e-09)	(-3.45655e-07,-1.79347e-09)	

coeffarray
i 0	(-6.84514e-08,-3.00394e-10)	(-4.82252e-07,-2.362e-09)	(-3.19098e-07,-1.63301e-09)	
i 1	(1.51073e-07,6.24053e-10)	(8.22247e-07,3.92685e-09)	(4.85627e-07,2.50177e-09)	
i 2	(-1.14647e-07,-4.57057e-10)	(-5.21112e-07,-2.43344e-09)	(-2.75607e-07,-1.43002e-09)	

coeffarray
i 0	(-5.45354e-08,-2.39329e-10)	(-3.84246e-07,-1.882e-09)	(-2.54259e-07,-1.30119e-09)	
i 1	(1.20321e-07,4.97032e-10)	(6.54935e-07,3.12785e-09)	(3.86832e-07,1.99281e-09)	
i 2	(-9.12843e-08,-3.63922e-10)	(-4.14944e-07,-1.93769e-09)	(-2.19467e-07,-1.13872e-09)	

coeffarray
i 0	(-4.33811e-08,-1.90384e-10)	(-3.05694e-07,-1.49728e-09)	(-2.02291e-07,-1.03524e-09)	
i 1	(9.56714e-08,3.95216e-10)	(5.20827e-07,2.48741e-09)	(3.07645e-07,1.58486e-09)	
i 2	(-7.25562e-08,-2.89263e-10)	(-3.29839e-07,-1.54028e-09)	(-1.74464e-07,-9.05219e-10)	

coeffarray
i 0	(-3.44359e-08,-1.51133e-10)	(-2.42705e-07,-1.18878e-09)	(-1.6062e-07,-8.21981e-10)	
i 1	(7.58998e-08,3.13551e-10)	(4.13268e-07,1.97377e-09)	(2.44137e-07,1.25768e-09)	
i 2	(-5.75318e-08,-2.29369e-10)	(-2.61567e-07,-1.22149e-09)	(-1.38364e-07,-7.17907e-10)	

coeffarray
i 0	(-2.72535e-08,-1.19619e-10)	(-1.92138e-07,-9.41123e-10)	(-1.27169e-07,-6.50789e-10)	
i 1	(6.00183e-08,2.47957e-10)	(3.26885e-07,1.56125e-09)	(1.93135e-07,9.94937e-10)	
i 2	(-4.5459e-08,-1.81242e-10)	(-2.06713e-07,-9.65347e-10)	(-1.0936e-07,-5.67415e-10)	

coeffarray
i 0	(-2.14729e-08,-9.42577e-11)	(-1.51452e-07,-7.41864e-10)	(-1.00257e-07,-5.13063e-10)	
i 1	(4.72277e-08,1.95132e-10)	(2.57332e-07,1.22912e-09)	(1.52076e-07,7.8341e-10)	
i 2	(-3.57296e-08,-1.42458e-10)	(-1.62512e-07,-7.58958e-10)	(-8.59918e-08,-4.46163e-10)	

coeffarray
i 0	(-1.68019e-08,-7.37671e-11)	(-1.18591e-07,-5.80935e-10)	(-7.85248e-08,-4.01842e-10)	
i 1	(3.68804e-08,1.52401e-10)	(2.01089e-07,9.60551e-10)	(1.18881e-07,6.12395e-10)	
i 2	(-2.78502e-08,-1.1105e-10)	(-1.26725e-07,-5.91861e-10)	(-6.7075e-08,-3.48007e-10)	

coeffarray
i 0	(-1.30029e-08,-5.71049e-11)	(-9.18834e-08,-4.50151e-10)	(-6.08668e-08,-3.11472e-10)	
i 1	(2.84491e-08,1.17588e-10)	(1.55291e-07,7.41878e-10)	(9.18604e-08,4.73185e-10)	
i 2	(-2.14189e-08,-8.54165e-11)	(-9.75269e-08,-4.55534e-10)	(-5.16449e-08,-2.67942e-10)	

coeffarray
i 0	(-6.70372e-09,-3.03392e-11)	(-5.29618e-08,-2.6178e-10)	(-3.64297e-08,-1.8604e-10)	
i 1	(9.94615e-09,4.25556e-11)	(6.32928e-08,3.07194e-10)	(4.02469e-08,2.06429e-10)	
i 2	(-4.19545e-09,-1.72741e-11)	(-2.24852e-08,-1.07197e-10)	(-1.31713e-08,-6.78879e-11)	

coeffarray
i 0	(0,0)	(0,0)	(0,0)	
i 1	(0,0)	(0,0)	(0,0)	
i 2	(0,0)	(0,0)	(0,0)	

norm	0	2.69657
norm	1	0.898855
norm	2	0.675237
recursionlevel, normsum(guessxt)	0	4.27066
recursionlevel, maxdelta(guessxt)	0	84.4047
recursionlevel, maxdelta(residxt)	0	2.4093
recursionlevel, maxdelta(diffxt)	0	1.6216e-06
recursionlevel, maxdelta(nexttarget)	0	1.6216e-06
recursionlevel, maxdelta(targetdiff)	0	2.4093
recursionlevel, lvlpsif significance	71.0742
recursionlevel, correction action	1.39978e-06
norm	0	5.78301e-07
norm	1	1.92767e-07
norm	2	6.81405e-08
recursionlevel, normsum(guessxt)	1	8.39209e-07
recursionlevel, maxdelta(guessxt)	1	1.44575e-05
recursionlevel, maxdelta(residxt)	1	1.6216e-06
recursionlevel, maxdelta(diffxt)	1	6.21329e-13
recursionlevel, maxdelta(nexttarget)	1	6.21329e-13
recursionlevel, maxdelta(targetdiff)	1	1.6216e-06
recursionlevel, lvlpsif significance	7.87082e-06
recursionlevel, correction action	8.15529e-19
norm	0	2.10175e-13
norm	1	7.00584e-14
norm	2	3.22558e-14
recursionlevel, normsum(guessxt)	2	3.12489e-13
recursionlevel, maxdelta(guessxt)	2	5.25438e-12
recursionlevel, maxdelta(residxt)	2	6.21329e-13
recursionlevel, maxdelta(diffxt)	2	2.90625e-19
recursionlevel, maxdelta(nexttarget)	2	2.90625e-19
recursionlevel, maxdelta(targetdiff)	2	6.21329e-13
recursionlevel, lvlpsif significance	3.37072e-12
recursionlevel, correction action	1.79488e-31
action due to imperfect solution	(1.79488e-31,2.71361e-39)
action due to imperfect solution	(-1.30727e-23,-5.68136e-24)
action due to imperfect solution	(-4.34957e-14,2.7178e-14)
0	component significance	0
1	component significance	67.4141
2	component significance	84.4047
0	guessxt_legendre component significance	134.828
1	guessxt_legendre component significance	134.828
2	guessxt_legendre component significance	168.809
truncation error	0.01	455.946
action accumulation	5.12886e-14
newdt	0.01	2.19324e-09	4.68321e-05
maxnewdt	0.0271303
newdt	4.68321e-07
deleted psi
found new psi
deleted tbas_triD
returning from timestep_temporaleigenvectors
newdt after return	4.68321e-07
