Up, En_kappa	0.0313259	4
kappa	0.7
laguerre nablasqmat
i 0	(-0.510204,0)	(-1.02041,0)	(-1.02041,0)	
i 1	(-1.02041,0)	(-2.55102,0)	(-3.06122,0)	
i 2	(-1.02041,0)	(-3.06122,0)	(-4.59184,0)	

kappa	-0.7
laguerre nablasqmat
i 0	(-0.510204,0)	(-1.02041,0)	(-1.02041,0)	
i 1	(-1.02041,0)	(-2.55102,0)	(-3.06122,0)	
i 2	(-1.02041,0)	(-3.06122,0)	(-4.59184,0)	

ecs nbdyelts	1
kappa	0.7
laguerre nablasqmat
i 0	(-0.510204,0)	(-1.02041,0)	(-1.02041,0)	
i 1	(-1.02041,0)	(-2.55102,0)	(-3.06122,0)	
i 2	(-1.02041,0)	(-3.06122,0)	(-4.59184,0)	

kappa	-0.7
laguerre nablasqmat
i 0	(-0.510204,0)	(-1.02041,0)	(-1.02041,0)	
i 1	(-1.02041,0)	(-2.55102,0)	(-3.06122,0)	
i 2	(-1.02041,0)	(-3.06122,0)	(-4.59184,0)	

ecs nbdyelts	1
setting up bandH,bandO
t0,t1,dt	0	0.01	0.01
Eiwtvec
i 0	(1,0)	
i 1	(0.999985,0.00669775)	
i 2	(-7.4766e-06,-3.00461e-08)	

EdotEiwt
i 0	(-9.99996e-05,-2.23259e-07)	
i 1	(-9.99989e-05,-4.46516e-07)	
i 2	(4.51792e-10,-1.11628e-07)	

coeffarray
i 0	(0,0)	(0,0)	(0,0)	
i 1	(0,0)	(0,0)	(0,0)	
i 2	(0,0)	(0,0)	(0,0)	

coeffarray
i 0	(-1.20501e-08,-4.28077e-11)	(-3.74998e-08,-1.6896e-10)	(-1.56055e-08,-8.70066e-11)	
i 1	(3.89145e-08,1.35657e-10)	(1.13927e-07,5.10652e-10)	(4.54371e-08,2.57438e-10)	
i 2	(-4.28869e-08,-1.43543e-10)	(-1.0901e-07,-4.82092e-10)	(-3.86379e-08,-2.29426e-10)	

coeffarray
i 0	(-4.59532e-08,-1.66423e-10)	(-1.51815e-07,-6.8729e-10)	(-6.56002e-08,-3.60702e-10)	
i 1	(8.47566e-08,3.00238e-10)	(2.61379e-07,1.1768e-09)	(1.08117e-07,6.04159e-10)	
i 2	(-6.88656e-08,-2.32946e-10)	(-1.8185e-07,-8.07315e-10)	(-6.67482e-08,-3.90736e-10)	

coeffarray
i 0	(-6.06065e-08,-2.19523e-10)	(-2.00314e-07,-9.06881e-10)	(-8.65797e-08,-4.76012e-10)	
i 1	(1.11143e-07,3.93791e-10)	(3.42985e-07,1.54429e-09)	(1.41938e-07,7.93012e-10)	
i 2	(-8.98684e-08,-3.0405e-10)	(-2.37476e-07,-1.05433e-09)	(-8.72187e-08,-5.10443e-10)	

coeffarray
i 0	(-7.84346e-08,-2.84122e-10)	(-2.59306e-07,-1.17398e-09)	(-1.12095e-07,-6.16259e-10)	
i 1	(1.43345e-07,5.07954e-10)	(4.42544e-07,1.99262e-09)	(1.83188e-07,1.02338e-09)	
i 2	(-1.1557e-07,-3.91053e-10)	(-3.0552e-07,-1.35649e-09)	(-1.12251e-07,-6.56845e-10)	

coeffarray
i 0	(-1.00356e-07,-3.63549e-10)	(-3.31832e-07,-1.50235e-09)	(-1.43461e-07,-7.8867e-10)	
i 1	(1.83022e-07,6.48601e-10)	(5.65177e-07,2.54486e-09)	(2.33992e-07,1.3071e-09)	
i 2	(-1.47292e-07,-4.98426e-10)	(-3.8948e-07,-1.72931e-09)	(-1.43131e-07,-8.37467e-10)	

coeffarray
i 0	(-1.27494e-07,-4.61875e-10)	(-4.21608e-07,-1.90883e-09)	(-1.82285e-07,-1.00208e-09)	
i 1	(2.32201e-07,8.22928e-10)	(7.17163e-07,3.22925e-09)	(2.96948e-07,1.65872e-09)	
i 2	(-1.86654e-07,-6.31655e-10)	(-4.93647e-07,-2.19185e-09)	(-1.81439e-07,-1.06154e-09)	

coeffarray
i 0	(-1.61231e-07,-5.84108e-10)	(-5.33209e-07,-2.41411e-09)	(-2.30546e-07,-1.26737e-09)	
i 1	(2.93387e-07,1.03981e-09)	(9.06234e-07,4.08064e-09)	(3.75261e-07,2.09611e-09)	
i 2	(-2.35658e-07,-7.9751e-10)	(-6.23315e-07,-2.76762e-09)	(-2.2912e-07,-1.34046e-09)	

coeffarray
i 0	(-2.03277e-07,-7.36442e-10)	(-6.72289e-07,-3.04381e-09)	(-2.90689e-07,-1.59797e-09)	
i 1	(3.69674e-07,1.31021e-09)	(1.14196e-06,5.1421e-09)	(4.72895e-07,2.64141e-09)	
i 2	(-2.96776e-07,-1.00437e-09)	(-7.85034e-07,-3.48571e-09)	(-2.88585e-07,-1.68831e-09)	

coeffarray
i 0	(-2.55747e-07,-9.26545e-10)	(-8.45851e-07,-3.82962e-09)	(-3.65741e-07,-2.01053e-09)	
i 1	(4.64895e-07,1.64772e-09)	(1.43618e-06,6.46698e-09)	(5.94756e-07,3.32205e-09)	
i 2	(-3.73078e-07,-1.26261e-09)	(-9.86922e-07,-4.38215e-09)	(-3.62818e-07,-2.12255e-09)	

coeffarray
i 0	(-3.21268e-07,-1.16393e-09)	(-1.06258e-06,-4.81086e-09)	(-4.59459e-07,-2.5257e-09)	
i 1	(5.83807e-07,2.0692e-09)	(1.8036e-06,8.12147e-09)	(7.46934e-07,4.172e-09)	
i 2	(-4.68366e-07,-1.58512e-09)	(-1.23904e-06,-5.50166e-09)	(-4.55522e-07,-2.66485e-09)	

coeffarray
i 0	(-4.03092e-07,-1.46038e-09)	(-1.33323e-06,-6.03628e-09)	(-5.76498e-07,-3.16906e-09)	
i 1	(7.32303e-07,2.59555e-09)	(2.26244e-06,1.01876e-08)	(9.36975e-07,5.23343e-09)	
i 2	(-5.87356e-07,-1.98784e-09)	(-1.55388e-06,-6.89964e-09)	(-5.71287e-07,-3.34204e-09)	

coeffarray
i 0	(-5.05253e-07,-1.83052e-09)	(-1.67116e-06,-7.56628e-09)	(-7.22628e-07,-3.97234e-09)	
i 1	(9.17691e-07,3.25266e-09)	(2.83527e-06,1.27671e-08)	(1.17423e-06,6.55858e-09)	
i 2	(-7.35893e-07,-2.49057e-09)	(-1.9469e-06,-8.64478e-09)	(-7.15801e-07,-4.18741e-09)	

coeffarray
i 0	(-6.32749e-07,-2.29244e-09)	(-2.0929e-06,-9.47572e-09)	(-9.05e-07,-4.97483e-09)	
i 1	(1.14902e-06,4.07261e-09)	(3.55006e-06,1.59858e-08)	(1.47029e-06,8.21214e-09)	
i 2	(-9.21209e-07,-3.11778e-09)	(-2.43726e-06,-1.08221e-08)	(-8.96106e-07,-5.24213e-09)	

coeffarray
i 0	(-7.91761e-07,-2.86855e-09)	(-2.61889e-06,-1.18572e-08)	(-1.13246e-06,-6.22516e-09)	
i 1	(1.43747e-06,5.09507e-09)	(4.44141e-06,1.99995e-08)	(1.83949e-06,1.02742e-08)	
i 2	(-1.15225e-06,-3.89976e-09)	(-3.04861e-06,-1.35367e-08)	(-1.12091e-06,-6.55716e-09)	

coeffarray
i 0	(-9.89927e-07,-3.58652e-09)	(-3.27441e-06,-1.48251e-08)	(-1.41593e-06,-7.78339e-09)	
i 1	(1.79688e-06,6.36903e-09)	(5.55203e-06,2.50007e-08)	(2.29951e-06,1.28435e-08)	
i 2	(-1.44006e-06,-4.87389e-09)	(-3.81021e-06,-1.69185e-08)	(-1.40097e-06,-8.19537e-09)	

coeffarray
i 0	(-1.23667e-06,-4.48051e-09)	(-4.09063e-06,-1.85207e-08)	(-1.7689e-06,-9.72365e-09)	
i 1	(2.24429e-06,7.95493e-09)	(6.93462e-06,3.12265e-08)	(2.8722e-06,1.6042e-08)	
i 2	(-1.79826e-06,-6.08626e-09)	(-4.75809e-06,-2.11274e-08)	(-1.74954e-06,-1.02343e-08)	

coeffarray
i 0	(-1.5436e-06,-5.59255e-09)	(-5.10596e-06,-2.31177e-08)	(-2.20798e-06,-1.21372e-08)	
i 1	(2.80068e-06,9.92714e-09)	(8.65405e-06,3.89692e-08)	(3.58442e-06,2.00198e-08)	
i 2	(-2.24359e-06,-7.59357e-09)	(-5.9366e-06,-2.63605e-08)	(-2.18294e-06,-1.27694e-08)	

coeffarray
i 0	(-1.92498e-06,-6.97434e-09)	(-6.36761e-06,-2.88299e-08)	(-2.75359e-06,-1.51364e-08)	
i 1	(3.49183e-06,1.23771e-08)	(1.079e-05,4.85875e-08)	(4.46921e-06,2.49613e-08)	
i 2	(-2.79664e-06,-9.46547e-09)	(-7.40021e-06,-3.28595e-08)	(-2.72119e-06,-1.59179e-08)	

coeffarray
i 0	(-2.3983e-06,-8.6893e-09)	(-7.93347e-06,-3.59196e-08)	(-3.43077e-06,-1.88587e-08)	
i 1	(4.34934e-06,1.54168e-08)	(1.34402e-05,6.05216e-08)	(5.56704e-06,3.10927e-08)	
i 2	(-3.48259e-06,-1.17873e-08)	(-9.21564e-06,-4.09208e-08)	(-3.38887e-06,-1.98232e-08)	

coeffarray
i 0	(-2.98499e-06,-1.0815e-08)	(-9.87439e-06,-4.47074e-08)	(-4.27016e-06,-2.34726e-08)	
i 1	(5.41186e-06,1.91832e-08)	(1.67242e-05,7.53095e-08)	(6.92744e-06,3.86903e-08)	
i 2	(-4.33226e-06,-1.46632e-08)	(-1.14644e-05,-5.09065e-08)	(-4.21596e-06,-2.4661e-08)	

coeffarray
i 0	(-3.71116e-06,-1.34461e-08)	(-1.22768e-05,-5.55848e-08)	(-5.30916e-06,-2.91838e-08)	
i 1	(6.7265e-06,2.38434e-08)	(2.07876e-05,9.36073e-08)	(8.61078e-06,4.80915e-08)	
i 2	(-5.38315e-06,-1.82203e-08)	(-1.4246e-05,-6.32579e-08)	(-5.23904e-06,-3.0645e-08)	

coeffarray
i 0	(-4.6086e-06,-1.66978e-08)	(-1.5246e-05,-6.90282e-08)	(-6.59328e-06,-3.62423e-08)	
i 1	(8.35055e-06,2.96005e-08)	(2.58075e-05,1.16213e-07)	(1.06905e-05,5.97061e-08)	
i 2	(-6.68087e-06,-2.2613e-08)	(-1.76811e-05,-7.85113e-08)	(-6.50255e-06,-3.80352e-08)	

coeffarray
i 0	(-5.71585e-06,-2.07097e-08)	(-1.89095e-05,-8.56152e-08)	(-8.17771e-06,-4.49514e-08)	
i 1	(1.03534e-05,3.67006e-08)	(3.19988e-05,1.44093e-07)	(1.32555e-05,7.40309e-08)	
i 2	(-8.28058e-06,-2.8028e-08)	(-2.19158e-05,-9.73155e-08)	(-8.06027e-06,-4.71459e-08)	

coeffarray
i 0	(-7.07947e-06,-2.56506e-08)	(-2.34213e-05,-1.06043e-07)	(-1.01291e-05,-5.56775e-08)	
i 1	(1.28188e-05,4.54405e-08)	(3.96202e-05,1.78414e-07)	(1.64132e-05,9.16654e-08)	
i 2	(-1.02488e-05,-3.46904e-08)	(-2.71263e-05,-1.20453e-07)	(-9.97707e-06,-5.83565e-08)	

coeffarray
i 0	(-8.75546e-06,-3.17234e-08)	(-2.89669e-05,-1.31152e-07)	(-1.25277e-05,-6.88614e-08)	
i 1	(1.58472e-05,5.61769e-08)	(4.89832e-05,2.20577e-07)	(2.02926e-05,1.1333e-07)	
i 2	(-1.26653e-05,-4.28706e-08)	(-3.35241e-05,-1.48863e-07)	(-1.23308e-05,-7.21223e-08)	

coeffarray
i 0	(-1.08108e-05,-3.9171e-08)	(-3.57681e-05,-1.61946e-07)	(-1.54694e-05,-8.50306e-08)	
i 1	(1.95591e-05,6.93361e-08)	(6.04596e-05,2.72258e-07)	(2.5048e-05,1.39886e-07)	
i 2	(-1.56254e-05,-5.2891e-08)	(-4.13617e-05,-1.83667e-07)	(-1.52144e-05,-8.89865e-08)	

coeffarray
i 0	(-1.33253e-05,-4.82823e-08)	(-4.4089e-05,-1.99621e-07)	(-1.90685e-05,-1.04813e-07)	
i 1	(2.40971e-05,8.54248e-08)	(7.44917e-05,3.35448e-07)	(3.08627e-05,1.72356e-07)	
i 2	(-1.9242e-05,-6.51343e-08)	(-5.09386e-05,-2.26195e-07)	(-1.87383e-05,-1.09594e-07)	

coeffarray
i 0	(-1.63932e-05,-5.93991e-08)	(-5.42417e-05,-2.4559e-07)	(-2.34601e-05,-1.28951e-07)	
i 1	(2.96298e-05,1.05041e-07)	(9.16013e-05,4.12497e-07)	(3.79531e-05,2.1195e-07)	
i 2	(-2.36483e-05,-8.00512e-08)	(-6.26077e-05,-2.78014e-07)	(-2.30323e-05,-1.34705e-07)	

coeffarray
i 0	(-2.0125e-05,-7.29221e-08)	(-6.65925e-05,-3.01512e-07)	(-2.88027e-05,-1.58316e-07)	
i 1	(3.63545e-05,1.28884e-07)	(0.000112399,5.06157e-07)	(4.65726e-05,2.60081e-07)	
i 2	(-2.89997e-05,-9.81683e-08)	(-7.67814e-05,-3.40956e-07)	(-2.82485e-05,-1.65208e-07)	

coeffarray
i 0	(-2.46493e-05,-8.93172e-08)	(-8.15672e-05,-3.69314e-07)	(-3.52806e-05,-1.9392e-07)	
i 1	(4.44999e-05,1.57764e-07)	(0.000137594,6.19618e-07)	(5.7015e-05,3.18389e-07)	
i 2	(-3.54759e-05,-1.20094e-07)	(-9.39364e-05,-4.17138e-07)	(-3.45627e-05,-2.02129e-07)	

coeffarray
i 0	(-3.01138e-05,-1.0912e-07)	(-9.96549e-05,-4.51212e-07)	(-4.31055e-05,-2.36927e-07)	
i 1	(5.43277e-05,1.92612e-07)	(0.000167997,7.56536e-07)	(6.96174e-05,3.88756e-07)	
i 2	(-4.3282e-05,-1.46524e-07)	(-0.000114617,-5.08979e-07)	(-4.21756e-05,-2.46642e-07)	

coeffarray
i 0	(-3.66857e-05,-1.32936e-07)	(-0.00012141,-5.49717e-07)	(-5.25177e-05,-2.88656e-07)	
i 1	(6.61337e-05,2.34476e-07)	(0.000204525,9.21039e-07)	(8.47602e-05,4.73304e-07)	
i 2	(-5.26486e-05,-1.78238e-07)	(-0.000139437,-6.19201e-07)	(-5.13133e-05,-3.00068e-07)	

coeffarray
i 0	(-4.45513e-05,-1.61442e-07)	(-0.000147451,-6.67628e-07)	(-6.37846e-05,-3.50578e-07)	
i 1	(8.02452e-05,2.84518e-07)	(0.000248194,1.1177e-06)	(0.000102865,5.74388e-07)	
i 2	(-6.38299e-05,-2.16099e-07)	(-0.00016907,-7.50805e-07)	(-6.22251e-05,-3.63862e-07)	

coeffarray
i 0	(-5.39134e-05,-1.95372e-07)	(-0.00017845,-8.07989e-07)	(-7.71976e-05,-4.24293e-07)	
i 1	(9.70159e-05,3.43994e-07)	(0.000300102,1.35148e-06)	(0.000124389,6.94554e-07)	
i 2	(-7.70984e-05,-2.6103e-07)	(-0.000204243,-9.07012e-07)	(-7.51793e-05,-4.39591e-07)	

coeffarray
i 0	(-6.49857e-05,-2.35503e-07)	(-0.000215117,-9.74014e-07)	(-9.30642e-05,-5.1149e-07)	
i 1	(0.000116815,4.14216e-07)	(0.000361399,1.62754e-06)	(0.000149811,8.36469e-07)	
i 2	(-9.27359e-05,-3.13987e-07)	(-0.000245707,-1.09116e-06)	(-9.04537e-05,-5.28875e-07)	

coeffarray
i 0	(-7.79836e-05,-2.82615e-07)	(-0.000258167,-1.16895e-06)	(-0.000111695,-6.13874e-07)	
i 1	(0.00014001,4.96488e-07)	(0.000433228,1.95105e-06)	(0.000179605,1.00279e-06)	
i 2	(-0.000111018,-3.75906e-07)	(-0.000294197,-1.30653e-06)	(-0.000108321,-6.33307e-07)	

coeffarray
i 0	(-9.31095e-05,-3.37443e-07)	(-0.000308275,-1.39584e-06)	(-0.000133383,-7.33051e-07)	
i 1	(0.000166937,5.92006e-07)	(0.00051664,2.32673e-06)	(0.000214212,1.19595e-06)	
i 2	(-0.00013219,-4.4762e-07)	(-0.000350373,-1.55603e-06)	(-0.000129027,-7.54313e-07)	

coeffarray
i 0	(-0.00011053,-4.00595e-07)	(-0.000365998,-1.65722e-06)	(-0.00015837,-8.70353e-07)	
i 1	(0.000197858,7.01709e-07)	(0.000612464,2.75833e-06)	(0.000253978,1.41789e-06)	
i 2	(-0.000156433,-5.29745e-07)	(-0.000414725,-1.84186e-06)	(-0.000152756,-8.92962e-07)	

coeffarray
i 0	(-0.000130346,-4.72434e-07)	(-0.000431673,-1.95462e-06)	(-0.000186804,-1.02659e-06)	
i 1	(0.000232906,8.2607e-07)	(0.000721128,3.24778e-06)	(0.000299087,1.66963e-06)	
i 2	(-0.000183815,-6.22517e-07)	(-0.000487446,-2.16489e-06)	(-0.000179583,-1.04969e-06)	

coeffarray
i 0	(-0.000152545,-5.52926e-07)	(-0.000505276,-2.28792e-06)	(-0.000218676,-1.2017e-06)	
i 1	(0.000272001,9.64818e-07)	(0.00084241,3.79409e-06)	(0.000349454,1.95066e-06)	
i 2	(-0.000214226,-7.25571e-07)	(-0.000568265,-2.5239e-06)	(-0.000209414,-1.22392e-06)	

coeffarray
i 0	(-0.000176954,-6.41438e-07)	(-0.000586234,-2.65454e-06)	(-0.000253742,-1.39434e-06)	
i 1	(0.000314753,1.11658e-06)	(0.000975132,4.39197e-06)	(0.000404598,2.25829e-06)	
i 2	(-0.000247299,-8.37674e-07)	(-0.000656231,-2.9147e-06)	(-0.000241907,-1.41365e-06)	

coeffarray
i 0	(-0.000203162,-7.36493e-07)	(-0.000673208,-3.04843e-06)	(-0.000291426,-1.60134e-06)	
i 1	(0.00036034,1.27845e-06)	(0.00111679,5.03014e-06)	(0.00046349,2.58676e-06)	
i 2	(-0.000282319,-9.56407e-07)	(-0.000749472,-3.32897e-06)	(-0.00027638,-1.61486e-06)	

coeffarray
i 0	(-0.000230457,-8.35512e-07)	(-0.00076385,-3.45894e-06)	(-0.000330715,-1.81713e-06)	
i 1	(0.000407389,1.44557e-06)	(0.00126316,5.68964e-06)	(0.000524394,2.92634e-06)	
i 2	(-0.000318126,-1.07786e-06)	(-0.000844945,-3.75322e-06)	(-0.000311722,-1.82104e-06)	

coeffarray
i 0	(-0.000257758,-9.34581e-07)	(-0.000854593,-3.86994e-06)	(-0.000370069,-2.03323e-06)	
i 1	(0.000453874,1.61078e-06)	(0.00140802,6.3424e-06)	(0.000584732,3.26263e-06)	
i 2	(-0.000353056,-1.1964e-06)	(-0.000938263,-4.16798e-06)	(-0.000346324,-2.02277e-06)	

coeffarray
i 0	(-0.000283589,-1.02836e-06)	(-0.000940559,-4.25934e-06)	(-0.000407379,-2.23805e-06)	
i 1	(0.0004971,1.76452e-06)	(0.00154304,6.95093e-06)	(0.000641058,3.57638e-06)	
i 2	(-0.000384948,-1.30472e-06)	(-0.0010237,-4.54783e-06)	(-0.000378083,-2.20775e-06)	

coeffarray
i 0	(-0.000306132,-1.11025e-06)	(-0.00101572,-4.59986e-06)	(-0.000440036,-2.41725e-06)	
i 1	(0.000533837,1.89533e-06)	(0.00165821,7.47013e-06)	(0.000689214,3.84439e-06)	
i 2	(-0.000411281,-1.39428e-06)	(-0.00109458,-4.86304e-06)	(-0.000404529,-2.36154e-06)	

coeffarray
i 0	(-0.000323405,-1.17306e-06)	(-0.00107349,-4.86164e-06)	(-0.000465183,-2.55516e-06)	
i 1	(0.000560688,1.99114e-06)	(0.00174293,7.85228e-06)	(0.00072479,4.04207e-06)	
i 2	(-0.000429507,-1.45642e-06)	(-0.00114406,-5.08334e-06)	(-0.000423135,-2.46942e-06)	

coeffarray
i 0	(-0.000333585,-1.21016e-06)	(-0.00110779,-5.01715e-06)	(-0.000480176,-2.63725e-06)	
i 1	(0.000574705,2.04144e-06)	(0.00178794,8.05562e-06)	(0.000743907,4.14786e-06)	
i 2	(-0.000437551,-1.48409e-06)	(-0.00116657,-5.18381e-06)	(-0.000431806,-2.51921e-06)	

coeffarray
i 0	(-0.000335438,-1.21707e-06)	(-0.00111446,-5.04755e-06)	(-0.000483203,-2.65361e-06)	
i 1	(0.000574139,2.03995e-06)	(0.00178765,8.05487e-06)	(0.000744193,4.14861e-06)	
i 2	(-0.000434384,-1.47374e-06)	(-0.00115923,-5.15165e-06)	(-0.000429441,-2.50458e-06)	

coeffarray
i 0	(-0.000328721,-1.19288e-06)	(-0.00109264,-4.94885e-06)	(-0.000473864,-2.60207e-06)	
i 1	(0.000559064,1.98689e-06)	(0.0017421,7.85011e-06)	(0.000725608,4.04421e-06)	
i 2	(-0.000420423,-1.42675e-06)	(-0.001123,-4.9911e-06)	(-0.000416351,-2.42746e-06)	

coeffarray
i 0	(-0.000314285,-1.14065e-06)	(-0.00104508,-4.73361e-06)	(-0.000453351,-2.4892e-06)	
i 1	(0.000531346,1.88882e-06)	(0.00165693,7.4668e-06)	(0.000690468,3.84767e-06)	
i 2	(-0.000397349,-1.34877e-06)	(-0.00106227,-4.72157e-06)	(-0.000394123,-2.2972e-06)	

coeffarray
i 0	(-0.000293756,-1.06627e-06)	(-0.00097717,-4.42614e-06)	(-0.000423983,-2.32777e-06)	
i 1	(0.000493994,1.7564e-06)	(0.00154146,6.94679e-06)	(0.000642622,3.58047e-06)	
i 2	(-0.000367574,-1.24797e-06)	(-0.000983415,-4.3714e-06)	(-0.000365106,-2.12751e-06)	

coeffarray
i 0	(-0.000269095,-9.76854e-07)	(-0.000895418,-4.05594e-06)	(-0.000388585,-2.13328e-06)	
i 1	(0.00045041,1.60172e-06)	(0.00140625,6.33777e-06)	(0.000586476,3.26719e-06)	
i 2	(-0.000333683,-1.13312e-06)	(-0.000893336,-3.97125e-06)	(-0.000331854,-1.9333e-06)	

coeffarray
i 0	(-0.000242221,-8.79375e-07)	(-0.000806212,-3.65194e-06)	(-0.000349928,-1.92095e-06)	
i 1	(0.000403795,1.43617e-06)	(0.00126133,5.68484e-06)	(0.000526203,2.93107e-06)	
i 2	(-0.000298023,-1.01219e-06)	(-0.000798328,-3.5491e-06)	(-0.000296707,-1.7282e-06)	

coeffarray
i 0	(-0.000214768,-7.79769e-07)	(-0.000715001,-3.23884e-06)	(-0.000310381,-1.70377e-06)	
i 1	(0.000356795,1.26918e-06)	(0.00111498,5.02541e-06)	(0.000465275,2.59142e-06)	
i 2	(-0.000262486,-8.91619e-07)	(-0.00070348,-3.12758e-06)	(-0.000261567,-1.52326e-06)	

coeffarray
i 0	(-0.000187987,-6.82578e-07)	(-0.000625964,-2.83556e-06)	(-0.000271762,-1.49171e-06)	
i 1	(0.000311383,1.10776e-06)	(0.000973411,4.38747e-06)	(0.000406295,2.26273e-06)	
i 2	(-0.000228446,-7.76084e-07)	(-0.000612509,-2.72325e-06)	(-0.000227825,-1.32657e-06)	

coeffarray
i 0	(-0.000162742,-5.90946e-07)	(-0.000541993,-2.4552e-06)	(-0.000235328,-1.29168e-06)	
i 1	(0.000268887,9.56674e-07)	(0.000840821,3.78994e-06)	(0.000351022,1.95476e-06)	
i 2	(-0.000196803,-6.68654e-07)	(-0.000527859,-2.34697e-06)	(-0.0001964,-1.14345e-06)	

coeffarray
i 0	(-0.000139564,-5.06803e-07)	(-0.000464864,-2.10584e-06)	(-0.000201857,-1.10793e-06)	
i 1	(0.000230091,8.18709e-07)	(0.000719691,3.24402e-06)	(0.000300505,1.67333e-06)	
i 2	(-0.000168065,-5.71065e-07)	(-0.00045092,-2.00495e-06)	(-0.000167819,-9.76942e-07)	

coeffarray
i 0	(-0.000118718,-4.31123e-07)	(-0.000395478,-1.79154e-06)	(-0.00017174,-9.42603e-07)	
i 1	(0.000195358,6.95171e-07)	(0.000611188,2.75499e-06)	(0.000255237,1.42119e-06)	
i 2	(-0.000142444,-4.84045e-07)	(-0.000382282,-1.6998e-06)	(-0.000142307,-8.2835e-07)	

coeffarray
i 0	(-0.000100279,-3.64174e-07)	(-0.000334089,-1.51345e-06)	(-0.00014509,-7.96315e-07)	
i 1	(0.000164748,5.86282e-07)	(0.000515522,2.32381e-06)	(0.000215314,1.19883e-06)	
i 2	(-0.000119941,-4.07604e-07)	(-0.000321966,-1.43164e-06)	(-0.000119878,-6.97738e-07)	

coeffarray
i 0	(-8.41879e-05,-3.05747e-07)	(-0.000280506,-1.27072e-06)	(-0.000121826,-6.68621e-07)	
i 1	(0.000138116,4.91535e-07)	(0.000432261,1.94852e-06)	(0.000180559,1.00528e-06)	
i 2	(-0.000100418,-3.41278e-07)	(-0.000269614,-1.19888e-06)	(-0.000100404,-5.84348e-07)	

coeffarray
i 0	(-7.03023e-05,-2.55325e-07)	(-0.000234259,-1.06123e-06)	(-0.000101746,-5.58403e-07)	
i 1	(0.000115192,4.09972e-07)	(0.00036057,1.62538e-06)	(0.000150628,8.38606e-07)	
i 2	(-8.36525e-05,-2.84314e-07)	(-0.000224642,-9.98921e-07)	(-8.36689e-05,-4.86922e-07)	

coeffarray
i 0	(-5.84316e-05,-2.12218e-07)	(-0.000194717,-8.82103e-07)	(-8.45753e-05,-4.6416e-07)	
i 1	(9.56368e-05,3.40388e-07)	(0.000299398,1.34964e-06)	(0.000125084,6.9637e-07)	
i 2	(-6.93792e-05,-2.35813e-07)	(-0.000186342,-8.28624e-07)	(-6.94134e-05,-4.03938e-07)	

coeffarray
i 0	(-4.83639e-05,-1.75657e-07)	(-0.000161178,-7.30167e-07)	(-7.001e-05,-3.84219e-07)	
i 1	(7.90816e-05,2.81475e-07)	(0.000247599,1.11615e-06)	(0.000103451,5.7592e-07)	
i 2	(-5.73163e-05,-1.94821e-07)	(-0.000153965,-6.8466e-07)	(-5.73598e-05,-3.33778e-07)	

coeffarray
i 0	(-3.98833e-05,-1.44858e-07)	(-0.000132923,-6.02167e-07)	(-5.77388e-05,-3.1687e-07)	
i 1	(6.51579e-05,2.31925e-07)	(0.000204026,9.19736e-07)	(8.52516e-05,4.74589e-07)	
i 2	(-4.71858e-05,-1.60393e-07)	(-0.000126768,-5.63727e-07)	(-4.72328e-05,-2.74837e-07)	

coeffarray
i 0	(-3.27814e-05,-1.19065e-07)	(-0.000109259,-4.94967e-07)	(-4.74611e-05,-2.60464e-07)	
i 1	(5.35138e-05,1.90484e-07)	(0.000167581,7.55449e-07)	(7.00274e-05,3.89828e-07)	
i 2	(-3.87247e-05,-1.31636e-07)	(-0.000104049,-4.62701e-07)	(-3.87715e-05,-2.25594e-07)	

coeffarray
i 0	(-2.68644e-05,-9.75759e-08)	(-8.95418e-05,-4.05646e-07)	(-3.88973e-05,-2.13464e-07)	
i 1	(4.3824e-05,1.55997e-07)	(0.000137249,6.18715e-07)	(5.73554e-05,3.19279e-07)	
i 2	(-3.16917e-05,-1.07732e-07)	(-8.51606e-05,-3.7871e-07)	(-3.17361e-05,-1.84651e-07)	

coeffarray
i 0	(-2.19569e-05,-7.97518e-08)	(-7.31873e-05,-3.31557e-07)	(-3.17936e-05,-1.74478e-07)	
i 1	(3.57956e-05,1.27422e-07)	(0.000112114,5.05411e-07)	(4.6854e-05,2.60817e-07)	
i 2	(-2.58703e-05,-8.79455e-08)	(-6.95241e-05,-3.09177e-07)	(-2.5911e-05,-1.50754e-07)	

coeffarray
i 0	(-1.79026e-05,-6.50266e-08)	(-5.96756e-05,-2.70347e-07)	(-2.59245e-05,-1.42268e-07)	
i 1	(2.91693e-05,1.03836e-07)	(9.13661e-05,4.11882e-07)	(3.8185e-05,2.12556e-07)	
i 2	(-2.10698e-05,-7.1628e-08)	(-5.6628e-05,-2.5183e-07)	(-2.11063e-05,-1.22796e-07)	

coeffarray
i 0	(-1.4565e-05,-5.29042e-08)	(-4.85518e-05,-2.19953e-07)	(-2.10925e-05,-1.1575e-07)	
i 1	(2.37189e-05,8.44358e-08)	(7.42985e-05,3.34943e-07)	(3.10531e-05,1.72854e-07)	
i 2	(-1.71243e-05,-5.82163e-08)	(-4.60274e-05,-2.04689e-07)	(-1.71564e-05,-9.9813e-08)	

coeffarray
i 0	(-1.18261e-05,-4.2956e-08)	(-3.94228e-05,-1.78597e-07)	(-1.71268e-05,-9.39872e-08)	
i 1	(1.92494e-05,6.85263e-08)	(6.03014e-05,2.71844e-07)	(2.5204e-05,1.40293e-07)	
i 2	(-1.38912e-05,-4.72257e-08)	(-3.73398e-05,-1.66056e-07)	(-1.3919e-05,-8.09764e-08)	

coeffarray
i 0	(-9.58469e-06,-3.4815e-08)	(-3.1952e-05,-1.44752e-07)	(-1.38814e-05,-7.61769e-08)	
i 1	(1.55943e-05,5.55154e-08)	(4.88539e-05,2.20238e-07)	(2.042e-05,1.13663e-07)	
i 2	(-1.12488e-05,-3.82432e-08)	(-3.02391e-05,-1.34479e-07)	(-1.12727e-05,-6.55796e-08)	

coeffarray
i 0	(-7.75518e-06,-2.81698e-08)	(-2.58537e-05,-1.17125e-07)	(-1.12322e-05,-6.16385e-08)	
i 1	(1.26127e-05,4.49014e-08)	(3.95148e-05,1.78138e-07)	(1.65169e-05,9.19363e-08)	
i 2	(-9.09455e-06,-3.09198e-08)	(-2.44494e-05,-1.08731e-07)	(-9.11485e-06,-5.30251e-08)	

coeffarray
i 0	(-6.26528e-06,-2.2758e-08)	(-2.08872e-05,-9.46256e-08)	(-9.07463e-06,-4.97982e-08)	
i 1	(1.01858e-05,3.62622e-08)	(3.19129e-05,1.43868e-07)	(1.33398e-05,7.4251e-08)	
i 2	(-7.34203e-06,-2.49619e-08)	(-1.97391e-05,-8.77842e-08)	(-7.35916e-06,-4.28108e-08)	

coeffarray
i 0	(-5.05446e-06,-1.836e-08)	(-1.68509e-05,-7.63402e-08)	(-7.32113e-06,-4.01755e-08)	
i 1	(8.21452e-06,2.92447e-08)	(2.57378e-05,1.1603e-07)	(1.07588e-05,5.98845e-08)	
i 2	(-5.91919e-06,-2.01247e-08)	(-1.59146e-05,-7.07761e-08)	(-5.93355e-06,-3.45169e-08)	

coeffarray
i 0	(-4.07233e-06,-1.47926e-08)	(-1.35769e-05,-6.15078e-08)	(-5.89875e-06,-3.23698e-08)	
i 1	(6.61628e-06,2.3555e-08)	(2.0731e-05,9.34586e-08)	(8.6661e-06,4.82357e-08)	
i 2	(-4.7661e-06,-1.62045e-08)	(-1.28149e-05,-5.69914e-08)	(-4.77808e-06,-2.77948e-08)	

coeffarray
i 0	(-3.27707e-06,-1.19039e-08)	(-1.09257e-05,-4.94973e-08)	(-4.74695e-06,-2.60492e-08)	
i 1	(5.32267e-06,1.89498e-08)	(1.66782e-05,7.51885e-08)	(6.97212e-06,3.88066e-08)	
i 2	(-3.83316e-06,-1.30328e-08)	(-1.03069e-05,-4.58378e-08)	(-3.8431e-06,-2.23556e-08)	

coeffarray
i 0	(-2.63415e-06,-9.56854e-09)	(-8.78238e-06,-3.97872e-08)	(-3.81576e-06,-2.09391e-08)	
i 1	(4.27726e-06,1.52281e-08)	(1.3403e-05,6.04231e-08)	(5.60305e-06,3.11862e-08)	
i 2	(-3.0795e-06,-1.04704e-08)	(-8.28074e-06,-3.6827e-08)	(-3.08772e-06,-1.79612e-08)	

coeffarray
i 0	(-2.11514e-06,-7.68327e-09)	(-7.05208e-06,-3.19484e-08)	(-3.06401e-06,-1.68138e-08)	
i 1	(3.43363e-06,1.22247e-08)	(1.07597e-05,4.8507e-08)	(4.49814e-06,2.50362e-08)	
i 2	(-2.4715e-06,-8.40329e-09)	(-6.64609e-06,-2.95573e-08)	(-2.47827e-06,-1.44159e-08)	

coeffarray
i 0	(-1.69671e-06,-6.16336e-09)	(-5.65709e-06,-2.56286e-08)	(-2.45793e-06,-1.34879e-08)	
i 1	(2.75371e-06,9.80405e-09)	(8.62935e-06,3.8903e-08)	(3.6076e-06,2.00794e-08)	
i 2	(-1.98164e-06,-6.73779e-09)	(-5.329e-06,-2.36998e-08)	(-1.9872e-06,-1.15592e-08)	

coeffarray
i 0	(-1.35979e-06,-4.9395e-09)	(-4.5338e-06,-2.05397e-08)	(-1.96989e-06,-1.08097e-08)	
i 1	(2.20639e-06,7.85548e-09)	(6.91438e-06,3.11716e-08)	(2.89069e-06,1.6089e-08)	
i 2	(-1.58742e-06,-5.39745e-09)	(-4.26901e-06,-1.89858e-08)	(-1.59197e-06,-9.26013e-09)	

coeffarray
i 0	(-1.08879e-06,-3.9551e-09)	(-3.63029e-06,-1.64465e-08)	(-1.57734e-06,-8.6556e-09)	
i 1	(1.76627e-06,6.28858e-09)	(5.5353e-06,2.49544e-08)	(2.31418e-06,1.28802e-08)	
i 2	(-1.2705e-06,-4.31991e-09)	(-3.41684e-06,-1.51959e-08)	(-1.27422e-06,-7.41176e-09)	

coeffarray
i 0	(-8.71038e-07,-3.16411e-09)	(-2.90428e-06,-1.31575e-08)	(-1.2619e-06,-6.92464e-09)	
i 1	(1.41271e-06,5.02982e-09)	(4.4274e-06,1.99598e-08)	(1.85102e-06,1.03023e-08)	
i 2	(-1.01596e-06,-3.45447e-09)	(-2.73238e-06,-1.21519e-08)	(-1.019e-06,-5.92714e-09)	

coeffarray
i 0	(-6.96219e-07,-2.52908e-09)	(-2.32142e-06,-1.05169e-08)	(-1.00866e-06,-5.53496e-09)	
i 1	(1.12892e-06,4.01944e-09)	(3.5381e-06,1.59506e-08)	(1.47925e-06,8.23306e-09)	
i 2	(-8.11684e-07,-2.75992e-09)	(-2.18307e-06,-9.70896e-09)	(-8.14167e-07,-4.73565e-09)	

coeffarray
i 0	(-5.55972e-07,-2.01963e-09)	(-1.85382e-06,-8.39851e-09)	(-8.05495e-07,-4.42008e-09)	
i 1	(9.01288e-07,3.209e-09)	(2.82477e-06,1.27348e-08)	(1.18104e-06,6.57325e-09)	
i 2	(-6.47859e-07,-2.2029e-09)	(-1.74252e-06,-7.7497e-09)	(-6.49887e-07,-3.78006e-09)	

coeffarray
i 0	(-4.43524e-07,-1.61116e-09)	(-1.4789e-06,-6.7e-09)	(-6.42597e-07,-3.52619e-09)	
i 1	(7.18796e-07,2.55927e-09)	(2.25289e-06,1.01567e-08)	(9.41954e-07,5.24255e-09)	
i 2	(-5.16533e-07,-1.75638e-09)	(-1.38936e-06,-6.17907e-09)	(-5.18193e-07,-3.01402e-09)	

coeffarray
i 0	(-3.53395e-07,-1.28376e-09)	(-1.1784e-06,-5.33861e-09)	(-5.12032e-07,-2.80971e-09)	
i 1	(5.72531e-07,2.03852e-09)	(1.79454e-06,8.0903e-09)	(7.50334e-07,4.17602e-09)	
i 2	(-4.11279e-07,-1.39851e-09)	(-1.10631e-06,-4.92027e-09)	(-4.12643e-07,-2.40005e-09)	

coeffarray
i 0	(-2.81156e-07,-1.02135e-09)	(-9.37544e-07,-4.24746e-09)	(-4.07385e-07,-2.23546e-09)	
i 1	(4.55291e-07,1.62112e-09)	(1.42714e-06,6.43402e-09)	(5.96742e-07,3.32115e-09)	
i 2	(-3.26906e-07,-1.11163e-09)	(-8.79417e-07,-3.9112e-09)	(-3.28035e-07,-1.9079e-09)	

coeffarray
i 0	(-2.23231e-07,-8.10939e-10)	(-7.44415e-07,-3.37251e-09)	(-3.23474e-07,-1.77499e-09)	
i 1	(3.61261e-07,1.28635e-09)	(1.13249e-06,5.10567e-09)	(4.73563e-07,2.63555e-09)	
i 2	(-2.59218e-07,-8.81486e-10)	(-6.97403e-07,-3.10172e-09)	(-2.60164e-07,-1.5131e-09)	

coeffarray
i 0	(-1.76729e-07,-6.42023e-10)	(-5.89379e-07,-2.67015e-09)	(-2.56115e-07,-1.40536e-09)	
i 1	(2.85743e-07,1.01748e-09)	(8.95862e-07,4.0389e-09)	(3.74643e-07,2.08496e-09)	
i 2	(-2.0483e-07,-6.96566e-10)	(-5.51161e-07,-2.45134e-09)	(-2.05636e-07,-1.1959e-09)	

coeffarray
i 0	(-1.39315e-07,-5.06123e-10)	(-4.64651e-07,-2.10509e-09)	(-2.01925e-07,-1.10798e-09)	
i 1	(2.24936e-07,8.01009e-10)	(7.05352e-07,3.18005e-09)	(2.95008e-07,1.64171e-09)	
i 2	(-1.61e-07,-5.4755e-10)	(-4.33325e-07,-1.9273e-09)	(-1.61705e-07,-9.4034e-10)	

coeffarray
i 0	(-1.091e-07,-3.9637e-10)	(-3.63928e-07,-1.64878e-09)	(-1.58167e-07,-8.67852e-10)	
i 1	(1.75764e-07,6.25963e-10)	(5.51319e-07,2.48566e-09)	(2.30629e-07,1.28335e-09)	
i 2	(-1.25506e-07,-4.26884e-10)	(-3.37923e-07,-1.50303e-09)	(-1.26144e-07,-7.33452e-10)	

coeffarray
i 0	(-8.45451e-08,-3.07185e-10)	(-2.82087e-07,-1.27802e-09)	(-1.22615e-07,-6.72747e-10)	
i 1	(1.35722e-07,4.8343e-10)	(4.2592e-07,1.92036e-09)	(1.78227e-07,9.9164e-10)	
i 2	(-9.65384e-08,-3.28414e-10)	(-2.60088e-07,-1.1569e-09)	(-9.71398e-08,-5.64692e-10)	

coeffarray
i 0	(-4.95152e-08,-1.81143e-10)	(-1.68635e-07,-7.65204e-10)	(-7.41803e-08,-4.05248e-10)	
i 1	(5.47134e-08,1.98622e-10)	(1.82073e-07,8.24736e-10)	(7.90188e-08,4.33794e-10)	
i 2	(-1.96766e-08,-6.99167e-11)	(-6.12782e-08,-2.76115e-10)	(-2.55136e-08,-1.42222e-10)	

coeffarray
i 0	(0,0)	(0,0)	(0,0)	
i 1	(0,0)	(0,0)	(0,0)	
i 2	(0,0)	(0,0)	(0,0)	

norm	0	2.36737
norm	1	0.789125
norm	2	0.440937
recursionlevel, normsum(guessxt)	0	3.59744
recursionlevel, maxdelta(guessxt)	0	59.1844
recursionlevel, maxdelta(residxt)	0	5.17723
recursionlevel, maxdelta(diffxt)	0	1.12079e-06
recursionlevel, maxdelta(nexttarget)	0	1.12079e-06
recursionlevel, maxdelta(targetdiff)	0	5.17723
recursionlevel, lvlpsif significance	106.47
recursionlevel, correction action	3.07515e-06
norm	0	1.36042e-07
norm	1	4.53474e-08
norm	2	8.79861e-08
recursionlevel, normsum(guessxt)	1	2.69376e-07
recursionlevel, maxdelta(guessxt)	1	1.09983e-05
recursionlevel, maxdelta(residxt)	1	1.12079e-06
recursionlevel, maxdelta(diffxt)	1	3.83268e-13
recursionlevel, maxdelta(nexttarget)	1	3.83268e-13
recursionlevel, maxdelta(targetdiff)	1	1.12079e-06
recursionlevel, lvlpsif significance	1.02334e-05
recursionlevel, correction action	1.04885e-18
norm	0	8.24972e-14
norm	1	2.74991e-14
norm	2	1.50155e-14
recursionlevel, normsum(guessxt)	2	1.25012e-13
recursionlevel, maxdelta(guessxt)	2	2.06243e-12
recursionlevel, maxdelta(residxt)	2	3.83268e-13
recursionlevel, maxdelta(diffxt)	2	1.12445e-19
recursionlevel, maxdelta(nexttarget)	2	1.12445e-19
recursionlevel, maxdelta(targetdiff)	2	3.83268e-13
recursionlevel, lvlpsif significance	3.16722e-13
recursionlevel, correction action	1.58939e-31
action due to imperfect solution	(1.58939e-31,-2.27924e-40)
action due to imperfect solution	(-8.31084e-24,-4.85632e-26)
action due to imperfect solution	(8.29271e-14,-4.59005e-14)
0	component significance	0
1	component significance	59.1844
2	component significance	55.1171
0	guessxt_legendre component significance	118.369
1	guessxt_legendre component significance	118.369
2	guessxt_legendre component significance	110.234
truncation error	0.01	194.425
action accumulation	9.47827e-14
newdt	0.01	5.14336e-09	7.17172e-05
maxnewdt	0.0271303
newdt	7.17172e-07
deleted psi
found new psi
deleted tbas_triD
returning from timestep_temporaleigenvectors
newdt after return	7.17172e-07
