Up, En_kappa	0.0313259	4
kappa	0.7
laguerre nablasqmat
i 0	(-0.510204,0)	(-1.02041,0)	(-1.02041,0)	
i 1	(-1.02041,0)	(-2.55102,0)	(-3.06122,0)	
i 2	(-1.02041,0)	(-3.06122,0)	(-4.59184,0)	

kappa	-0.7
laguerre nablasqmat
i 0	(-0.510204,0)	(-1.02041,0)	(-1.02041,0)	
i 1	(-1.02041,0)	(-2.55102,0)	(-3.06122,0)	
i 2	(-1.02041,0)	(-3.06122,0)	(-4.59184,0)	

ecs nbdyelts	1
kappa	0.7
laguerre nablasqmat
i 0	(-0.510204,0)	(-1.02041,0)	(-1.02041,0)	
i 1	(-1.02041,0)	(-2.55102,0)	(-3.06122,0)	
i 2	(-1.02041,0)	(-3.06122,0)	(-4.59184,0)	

kappa	-0.7
laguerre nablasqmat
i 0	(-0.510204,0)	(-1.02041,0)	(-1.02041,0)	
i 1	(-1.02041,0)	(-2.55102,0)	(-3.06122,0)	
i 2	(-1.02041,0)	(-3.06122,0)	(-4.59184,0)	

ecs nbdyelts	1
setting up bandH,bandO
t0,t1,dt	0	0.01	0.01
Eiwtvec
i 0	(1,0)	
i 1	(0.999985,0.00669775)	
i 2	(-7.4766e-06,-3.00461e-08)	

EdotEiwt
i 0	(-9.99996e-05,-2.23259e-07)	
i 1	(-9.99989e-05,-4.46516e-07)	
i 2	(4.51792e-10,-1.11628e-07)	

coeffarray
i 0	(0,0)	(0,0)	(0,0)	
i 1	(0,0)	(0,0)	(0,0)	
i 2	(0,0)	(0,0)	(0,0)	

coeffarray
i 0	(-3.07332e-08,-9.95257e-11)	(-7.05449e-08,-3.10025e-10)	(-2.32352e-08,-1.43903e-10)	
i 1	(9.46635e-08,3.04444e-10)	(2.12309e-07,9.31754e-10)	(6.88395e-08,4.297e-10)	
i 2	(-1.01248e-07,-3.15684e-10)	(-2.03644e-07,-8.87539e-10)	(-6.07904e-08,-3.95866e-10)	

coeffarray
i 0	(-1.24839e-07,-4.06612e-10)	(-2.92064e-07,-1.28496e-09)	(-9.73996e-08,-5.99518e-10)	
i 1	(2.14651e-07,6.94414e-10)	(4.91041e-07,2.15756e-09)	(1.61368e-07,1.00053e-09)	
i 2	(-1.64855e-07,-5.17665e-10)	(-3.40213e-07,-1.48529e-09)	(-1.03711e-07,-6.68039e-10)	

coeffarray
i 0	(-1.64723e-07,-5.36542e-10)	(-3.85427e-07,-1.69573e-09)	(-1.28546e-07,-7.91199e-10)	
i 1	(2.81625e-07,9.1115e-10)	(6.44417e-07,2.83151e-09)	(2.11807e-07,1.31316e-09)	
i 2	(-2.15188e-07,-6.75803e-10)	(-4.44291e-07,-1.93972e-09)	(-1.35488e-07,-8.7256e-10)	

coeffarray
i 0	(-2.13237e-07,-6.9458e-10)	(-4.98982e-07,-2.19534e-09)	(-1.66427e-07,-1.02433e-09)	
i 1	(3.63339e-07,1.17558e-09)	(8.31523e-07,3.65366e-09)	(2.73333e-07,1.69452e-09)	
i 2	(-2.76773e-07,-8.6928e-10)	(-5.71603e-07,-2.4956e-09)	(-1.74351e-07,-1.12271e-09)	

coeffarray
i 0	(-2.7288e-07,-8.88869e-10)	(-6.3858e-07,-2.80953e-09)	(-2.12995e-07,-1.31092e-09)	
i 1	(4.63998e-07,1.5013e-09)	(1.06199e-06,4.66634e-09)	(3.49112e-07,2.16424e-09)	
i 2	(-3.52775e-07,-1.10804e-09)	(-7.28692e-07,-3.18148e-09)	(-2.22297e-07,-1.43136e-09)	

coeffarray
i 0	(-3.46709e-07,-1.12937e-09)	(-8.11376e-07,-3.56977e-09)	(-2.70635e-07,-1.66567e-09)	
i 1	(5.88754e-07,1.90499e-09)	(1.34761e-06,5.92136e-09)	(4.43023e-07,2.74636e-09)	
i 2	(-4.47078e-07,-1.40428e-09)	(-9.23587e-07,-4.03243e-09)	(-2.81777e-07,-1.81426e-09)	

coeffarray
i 0	(-4.38485e-07,-1.42833e-09)	(-1.02617e-06,-4.51482e-09)	(-3.42286e-07,-2.10664e-09)	
i 1	(7.43954e-07,2.40719e-09)	(1.70291e-06,7.48259e-09)	(5.59844e-07,3.4705e-09)	
i 2	(-5.64473e-07,-1.77306e-09)	(-1.16619e-06,-5.09168e-09)	(-3.55815e-07,-2.2909e-09)	

coeffarray
i 0	(-5.52859e-07,-1.8009e-09)	(-1.29386e-06,-5.69254e-09)	(-4.31577e-07,-2.65618e-09)	
i 1	(9.3745e-07,3.0333e-09)	(2.14588e-06,9.42902e-09)	(7.05487e-07,4.37331e-09)	
i 2	(-7.10891e-07,-2.233e-09)	(-1.46877e-06,-6.41276e-09)	(-4.48151e-07,-2.88533e-09)	

coeffarray
i 0	(-6.95589e-07,-2.26584e-09)	(-1.62791e-06,-7.16224e-09)	(-5.43005e-07,-3.34196e-09)	
i 1	(1.17897e-06,3.8148e-09)	(2.69879e-06,1.18585e-08)	(8.87274e-07,5.50017e-09)	
i 2	(-8.9368e-07,-2.8072e-09)	(-1.84649e-06,-8.06197e-09)	(-5.6342e-07,-3.62742e-09)	

coeffarray
i 0	(-8.73815e-07,-2.8464e-09)	(-2.04503e-06,-8.99744e-09)	(-6.82144e-07,-4.19829e-09)	
i 1	(1.48057e-06,4.79073e-09)	(3.38925e-06,1.48924e-08)	(1.11428e-06,6.90736e-09)	
i 2	(-1.12195e-06,-3.52427e-09)	(-2.31821e-06,-1.01215e-08)	(-7.0737e-07,-4.55415e-09)	

coeffarray
i 0	(-1.09639e-06,-3.57143e-09)	(-2.56595e-06,-1.12893e-08)	(-8.55906e-07,-5.26771e-09)	
i 1	(1.85722e-06,6.00947e-09)	(4.25149e-06,1.86811e-08)	(1.39778e-06,8.66468e-09)	
i 2	(-1.40701e-06,-4.41971e-09)	(-2.90726e-06,-1.26934e-08)	(-8.8713e-07,-5.71141e-09)	

coeffarray
i 0	(-1.37429e-06,-4.47669e-09)	(-3.21635e-06,-1.41509e-08)	(-1.07286e-06,-6.60296e-09)	
i 1	(2.32743e-06,7.531e-09)	(5.32797e-06,2.34112e-08)	(1.75171e-06,1.08586e-08)	
i 2	(-1.76284e-06,-5.53749e-09)	(-3.6426e-06,-1.5904e-08)	(-1.11153e-06,-7.15605e-09)	

coeffarray
i 0	(-1.72111e-06,-5.60643e-09)	(-4.02805e-06,-1.77221e-08)	(-1.34362e-06,-8.26934e-09)	
i 1	(2.91418e-06,9.4296e-09)	(6.67122e-06,2.93135e-08)	(2.19335e-06,1.35962e-08)	
i 2	(-2.20679e-06,-6.93208e-09)	(-4.56003e-06,-1.99097e-08)	(-1.3915e-06,-8.95845e-09)	

coeffarray
i 0	(-2.15366e-06,-7.01547e-09)	(-5.04042e-06,-2.21762e-08)	(-1.68132e-06,-1.03477e-08)	
i 1	(3.64585e-06,1.17971e-08)	(8.34625e-06,3.66736e-08)	(2.74408e-06,1.70101e-08)	
i 2	(-2.76029e-06,-8.6708e-09)	(-5.70386e-06,-2.49038e-08)	(-1.74057e-06,-1.12057e-08)	

coeffarray
i 0	(-2.69273e-06,-8.77149e-09)	(-6.30209e-06,-2.77271e-08)	(-2.10217e-06,-1.29378e-08)	
i 1	(4.55751e-06,1.47471e-08)	(1.04334e-05,4.58444e-08)	(3.43031e-06,2.12638e-08)	
i 2	(-3.4498e-06,-1.08368e-08)	(-7.1288e-06,-3.11253e-08)	(-2.17544e-06,-1.40052e-08)	

coeffarray
i 0	(-3.36396e-06,-1.0958e-08)	(-7.87308e-06,-3.4639e-08)	(-2.62621e-06,-1.6163e-08)	
i 1	(5.6924e-06,1.84194e-08)	(1.30316e-05,5.72611e-08)	(4.28458e-06,2.65592e-08)	
i 2	(-4.30793e-06,-1.35325e-08)	(-8.90226e-06,-3.88685e-08)	(-2.71667e-06,-1.74894e-08)	

coeffarray
i 0	(-4.19893e-06,-1.36779e-08)	(-9.82731e-06,-4.3237e-08)	(-3.2781e-06,-2.0175e-08)	
i 1	(7.10377e-06,2.29864e-08)	(1.62628e-05,7.14593e-08)	(5.347e-06,3.31448e-08)	
i 2	(-5.37484e-06,-1.68841e-08)	(-1.11072e-05,-4.84958e-08)	(-3.38961e-06,-2.18215e-08)	

coeffarray
i 0	(-5.23646e-06,-1.70577e-08)	(-1.22556e-05,-5.39209e-08)	(-4.08813e-06,-2.51603e-08)	
i 1	(8.85705e-06,2.86597e-08)	(2.02768e-05,8.90971e-08)	(6.66681e-06,4.13259e-08)	
i 2	(-6.69981e-06,-2.10463e-08)	(-1.38456e-05,-6.04521e-08)	(-4.22537e-06,-2.72016e-08)	

coeffarray
i 0	(-6.52416e-06,-2.12524e-08)	(-1.52695e-05,-6.7181e-08)	(-5.0935e-06,-3.13477e-08)	
i 1	(1.10324e-05,3.56989e-08)	(2.52573e-05,1.10981e-07)	(8.3044e-06,5.14767e-08)	
i 2	(-8.34322e-06,-2.62091e-08)	(-1.72423e-05,-7.52825e-08)	(-5.26205e-06,-3.38751e-08)	

coeffarray
i 0	(-8.1203e-06,-2.64518e-08)	(-1.90053e-05,-8.36175e-08)	(-6.33969e-06,-3.90173e-08)	
i 1	(1.37279e-05,4.44213e-08)	(3.14287e-05,1.38099e-07)	(1.03336e-05,6.40549e-08)	
i 2	(-1.03789e-05,-3.2604e-08)	(-2.14498e-05,-9.36533e-08)	(-6.54624e-06,-4.21418e-08)	

coeffarray
i 0	(-1.0096e-05,-3.28877e-08)	(-2.36295e-05,-1.03963e-07)	(-7.88224e-06,-4.85107e-08)	
i 1	(1.70632e-05,5.52139e-08)	(3.9065e-05,1.71653e-07)	(1.28445e-05,7.96188e-08)	
i 2	(-1.28967e-05,-4.05138e-08)	(-2.66541e-05,-1.16376e-07)	(-8.13471e-06,-5.23671e-08)	

coeffarray
i 0	(-1.25377e-05,-4.08418e-08)	(-2.93446e-05,-1.29107e-07)	(-9.7887e-06,-6.02437e-08)	
i 1	(2.11835e-05,6.85471e-08)	(4.84991e-05,2.13107e-07)	(1.59466e-05,9.88471e-08)	
i 2	(-1.6006e-05,-5.02817e-08)	(-3.3081e-05,-1.44438e-07)	(-1.00964e-05,-6.49949e-08)	

coeffarray
i 0	(-1.55504e-05,-5.06558e-08)	(-3.63961e-05,-1.60132e-07)	(-1.2141e-05,-7.47205e-08)	
i 1	(2.62652e-05,8.49911e-08)	(6.01344e-05,2.64234e-07)	(1.97725e-05,1.22562e-07)	
i 2	(-1.98389e-05,-6.2323e-08)	(-4.10042e-05,-1.79032e-07)	(-1.25149e-05,-8.05626e-08)	

coeffarray
i 0	(-1.92608e-05,-6.27426e-08)	(-4.50808e-05,-1.98342e-07)	(-1.50381e-05,-9.25502e-08)	
i 1	(3.25207e-05,1.05234e-07)	(7.44578e-05,3.27172e-07)	(2.44824e-05,1.51756e-07)	
i 2	(-2.45548e-05,-7.71387e-08)	(-5.07531e-05,-2.21598e-07)	(-1.54908e-05,-9.9718e-08)	

coeffarray
i 0	(-2.38213e-05,-7.75988e-08)	(-5.57554e-05,-2.45307e-07)	(-1.8599e-05,-1.14465e-07)	
i 1	(4.02054e-05,1.30102e-07)	(9.20542e-05,4.04492e-07)	(3.02687e-05,1.87621e-07)	
i 2	(-3.03451e-05,-9.53297e-08)	(-6.27235e-05,-2.73864e-07)	(-1.9145e-05,-1.23239e-07)	

coeffarray
i 0	(-2.94144e-05,-9.58187e-08)	(-6.88471e-05,-3.02906e-07)	(-2.29664e-05,-1.41343e-07)	
i 1	(4.96247e-05,1.60582e-07)	(0.000113623,4.99266e-07)	(3.73613e-05,2.31583e-07)	
i 2	(-3.7438e-05,-1.17614e-07)	(-7.73877e-05,-3.37892e-07)	(-2.36217e-05,-1.52054e-07)	

coeffarray
i 0	(-3.62572e-05,-1.1811e-07)	(-8.48643e-05,-3.73377e-07)	(-2.83097e-05,-1.74227e-07)	
i 1	(6.11412e-05,1.97851e-07)	(0.000139995,6.15148e-07)	(4.60336e-05,2.85336e-07)	
i 2	(-4.61044e-05,-1.44841e-07)	(-9.53063e-05,-4.1613e-07)	(-2.90922e-05,-1.87264e-07)	

coeffarray
i 0	(-4.46065e-05,-1.45309e-07)	(-0.000104408,-4.59364e-07)	(-3.48295e-05,-2.14351e-07)	
i 1	(7.51832e-05,2.43292e-07)	(0.000172151,7.56446e-07)	(5.66083e-05,3.50879e-07)	
i 2	(-5.66634e-05,-1.78016e-07)	(-0.00011714,-5.11461e-07)	(-3.57581e-05,-2.30167e-07)	

coeffarray
i 0	(-5.47634e-05,-1.78396e-07)	(-0.000128184,-5.6397e-07)	(-4.27612e-05,-2.63164e-07)	
i 1	(9.22519e-05,2.98529e-07)	(0.00021124,9.28208e-07)	(6.94632e-05,4.30555e-07)	
i 2	(-6.94877e-05,-2.18309e-07)	(-0.000143659,-6.27253e-07)	(-4.38554e-05,-2.82281e-07)	

coeffarray
i 0	(-6.70781e-05,-2.18513e-07)	(-0.000157011,-6.90801e-07)	(-5.23782e-05,-3.22348e-07)	
i 1	(0.000112928,3.65441e-07)	(0.000258594,1.13628e-06)	(8.50364e-05,5.27077e-07)	
i 2	(-8.50082e-05,-2.67074e-07)	(-0.000175756,-7.67403e-07)	(-5.36565e-05,-3.45359e-07)	

coeffarray
i 0	(-8.19529e-05,-2.66971e-07)	(-0.000191832,-8.44004e-07)	(-6.39951e-05,-3.93839e-07)	
i 1	(0.000137878,4.46185e-07)	(0.000315737,1.38738e-06)	(0.00010383,6.43557e-07)	
i 2	(-0.000103717,-3.25858e-07)	(-0.000214451,-9.3636e-07)	(-6.54731e-05,-4.21405e-07)	

coeffarray
i 0	(-9.9844e-05,-3.25255e-07)	(-0.000233715,-1.02828e-06)	(-7.79681e-05,-4.7983e-07)	
i 1	(0.000167854,5.43194e-07)	(0.000384394,1.68907e-06)	(0.000126411,7.83509e-07)	
i 2	(-0.000126167,-3.964e-07)	(-0.00026089,-1.13913e-06)	(-7.96557e-05,-5.12673e-07)	

coeffarray
i 0	(-0.000121259,-3.95021e-07)	(-0.00028385,-1.24886e-06)	(-9.46946e-05,-5.82764e-07)	
i 1	(0.000203688,6.59165e-07)	(0.000466476,2.04975e-06)	(0.000153408,9.50828e-07)	
i 2	(-0.000152968,-4.80617e-07)	(-0.000316336,-1.38123e-06)	(-9.65911e-05,-6.21649e-07)	

coeffarray
i 0	(-0.000146752,-4.78071e-07)	(-0.000343532,-1.51145e-06)	(-0.000114607,-7.05302e-07)	
i 1	(0.000246281,7.97014e-07)	(0.000564047,2.4785e-06)	(0.000185502,1.14973e-06)	
i 2	(-0.000184775,-5.80567e-07)	(-0.000382148,-1.6686e-06)	(-0.000116695,-7.51005e-07)	

coeffarray
i 0	(-0.000176906,-5.76307e-07)	(-0.00041413,-1.82206e-06)	(-0.000138162,-8.50253e-07)	
i 1	(0.000296575,9.59791e-07)	(0.00067927,2.98482e-06)	(0.000223405,1.38462e-06)	
i 2	(-0.000222264,-6.98378e-07)	(-0.00045973,-2.00737e-06)	(-0.000140397,-9.03508e-07)	

coeffarray
i 0	(-0.00021231,-6.91649e-07)	(-0.000497024,-2.18678e-06)	(-0.00016582,-1.02045e-06)	
i 1	(0.000355507,1.15053e-06)	(0.000814296,3.57815e-06)	(0.000267824,1.65989e-06)	
i 2	(-0.000266098,-8.36136e-07)	(-0.000550461,-2.40355e-06)	(-0.000168121,-1.08187e-06)	

coeffarray
i 0	(-0.000253518,-8.25902e-07)	(-0.000593513,-2.61131e-06)	(-0.000198015,-1.21857e-06)	
i 1	(0.000423937,1.37202e-06)	(0.000971104,4.26721e-06)	(0.000319413,1.97958e-06)	
i 2	(-0.000316867,-9.95703e-07)	(-0.000655573,-2.86255e-06)	(-0.000200246,-1.28852e-06)	

coeffarray
i 0	(-0.000300989,-9.80563e-07)	(-0.000704675,-3.1004e-06)	(-0.000235108,-1.44682e-06)	
i 1	(0.000502543,1.62646e-06)	(0.00115126,5.05886e-06)	(0.000378689,2.34688e-06)	
i 2	(-0.000375009,-1.17846e-06)	(-0.000775985,-3.38836e-06)	(-0.000237056,-1.52528e-06)	

coeffarray
i 0	(-0.000355,-1.15654e-06)	(-0.000831162,-3.65692e-06)	(-0.000277317,-1.70654e-06)	
i 1	(0.000591672,1.91497e-06)	(0.00135556,5.95666e-06)	(0.000445919,2.76345e-06)	
i 2	(-0.000440691,-1.38493e-06)	(-0.00091206,-3.98258e-06)	(-0.000278665,-1.79288e-06)	

coeffarray
i 0	(-0.000415532,-1.35376e-06)	(-0.000972933,-4.2807e-06)	(-0.00032463,-1.99766e-06)	
i 1	(0.000691139,2.23697e-06)	(0.00158361,6.9588e-06)	(0.000520974,3.22846e-06)	
i 2	(-0.000513656,-1.61432e-06)	(-0.00106329,-4.643e-06)	(-0.000324925,-2.09033e-06)	

coeffarray
i 0	(-0.000482113,-1.5707e-06)	(-0.00112889,-4.96691e-06)	(-0.000376682,-2.31793e-06)	
i 1	(0.000799968,2.58931e-06)	(0.0018332,8.05561e-06)	(0.000603131,3.73744e-06)	
i 2	(-0.000593031,-1.86391e-06)	(-0.0012279,-5.36187e-06)	(-0.000375299,-2.41416e-06)	

coeffarray
i 0	(-0.000553643,-1.80378e-06)	(-0.00129647,-5.70425e-06)	(-0.000432618,-2.66207e-06)	
i 1	(0.000916099,2.96533e-06)	(0.00209963,9.22644e-06)	(0.000690852,4.28082e-06)	
i 2	(-0.000677108,-2.12834e-06)	(-0.00140238,-6.12391e-06)	(-0.000428726,-2.75751e-06)	

coeffarray
i 0	(-0.000628191,-2.04671e-06)	(-0.00147116,-6.47286e-06)	(-0.000490934,-3.02084e-06)	
i 1	(0.00103607,3.35382e-06)	(0.00237498,1.04365e-05)	(0.000781539,4.84249e-06)	
i 2	(-0.00076312,-2.39892e-06)	(-0.00158105,-6.90428e-06)	(-0.000483475,-3.10923e-06)	

coeffarray
i 0	(-0.000702824,-2.28994e-06)	(-0.00164609,-7.24259e-06)	(-0.000549343,-3.38015e-06)	
i 1	(0.00115475,3.73822e-06)	(0.00264755,1.16344e-05)	(0.000871346,5.39859e-06)	
i 2	(-0.000847085,-2.66316e-06)	(-0.0017557,-7.66714e-06)	(-0.000537048,-3.4532e-06)	

coeffarray
i 0	(-0.000773531,-2.52039e-06)	(-0.00181189,-7.97211e-06)	(-0.000604714,-3.72072e-06)	
i 1	(0.00126531,4.09641e-06)	(0.00290169,1.27514e-05)	(0.000955129,5.91725e-06)	
i 2	(-0.000923823,-2.90479e-06)	(-0.00191562,-8.36576e-06)	(-0.000586177,-3.7684e-06)	

coeffarray
i 0	(-0.000835359,-2.72195e-06)	(-0.00195695,-8.6104e-06)	(-0.000653176,-4.01875e-06)	
i 1	(0.00135954,4.4018e-06)	(0.00311857,1.37047e-05)	(0.00102669,6.36006e-06)	
i 2	(-0.000987292,-3.1048e-06)	(-0.0020483,-8.94546e-06)	(-0.000627031,-4.03019e-06)	

coeffarray
i 0	(-0.000882887,-2.87693e-06)	(-0.00206856,-9.10156e-06)	(-0.000690487,-4.24814e-06)	
i 1	(0.00142876,4.62631e-06)	(0.00327827,1.44067e-05)	(0.00107947,6.68639e-06)	
i 2	(-0.00103136,-3.24392e-06)	(-0.00214097,-9.35053e-06)	(-0.000655699,-4.21345e-06)	

coeffarray
i 0	(-0.000911115,-2.96904e-06)	(-0.00213499,-9.39394e-06)	(-0.000712727,-4.38477e-06)	
i 1	(0.0014654,4.74538e-06)	(0.00336335,1.47809e-05)	(0.00110771,6.8606e-06)	
i 2	(-0.00105103,-3.30637e-06)	(-0.00218316,-9.53518e-06)	(-0.000668947,-4.2975e-06)	

coeffarray
i 0	(-0.000916626,-2.98712e-06)	(-0.00214821,-9.45218e-06)	(-0.000717205,-4.41212e-06)	
i 1	(0.00146489,4.74418e-06)	(0.00336322,1.47806e-05)	(0.00110789,6.86103e-06)	
i 2	(-0.00104379,-3.28417e-06)	(-0.00216949,-9.47587e-06)	(-0.000665091,-4.27163e-06)	

coeffarray
i 0	(-0.000898696,-2.92881e-06)	(-0.00210648,-9.26861e-06)	(-0.000703331,-4.32659e-06)	
i 1	(0.00142732,4.62289e-06)	(0.00327789,1.44058e-05)	(0.00107999,6.68762e-06)	
i 2	(-0.00101059,-3.18025e-06)	(-0.00210176,-9.18042e-06)	(-0.000644637,-4.13924e-06)	

coeffarray
i 0	(-0.000859606,-2.80153e-06)	(-0.0020151,-8.86661e-06)	(-0.000672875,-4.13907e-06)	
i 1	(0.00135733,4.39655e-06)	(0.00311799,1.37033e-05)	(0.00102749,6.36195e-06)	
i 2	(-0.000955434,-3.00715e-06)	(-0.00198816,-8.68455e-06)	(-0.000610064,-3.91635e-06)	

coeffarray
i 0	(-0.000803769,-2.61964e-06)	(-0.00188441,-8.29163e-06)	(-0.000629281,-3.87078e-06)	
i 1	(0.00126255,4.08986e-06)	(0.00290097,1.27497e-05)	(0.000956119,5.9196e-06)	
i 2	(-0.000884094,-2.783e-06)	(-0.00184064,-8.04039e-06)	(-0.000565018,-3.62644e-06)	

coeffarray
i 0	(-0.000736542,-2.4006e-06)	(-0.00172696,-7.59888e-06)	(-0.000576737,-3.54747e-06)	
i 1	(0.00115167,3.73091e-06)	(0.00264675,1.16325e-05)	(0.00087245,5.40121e-06)	
i 2	(-0.000802783,-2.52736e-06)	(-0.00167208,-7.30431e-06)	(-0.000513454,-3.2949e-06)	

coeffarray
i 0	(-0.000663178,-2.16154e-06)	(-0.00155507,-6.84256e-06)	(-0.000519359,-3.19446e-06)	
i 1	(0.00103288,3.34624e-06)	(0.00237415,1.04345e-05)	(0.000782685,4.84521e-06)	
i 2	(-0.000717151,-2.25801e-06)	(-0.00149429,-6.5278e-06)	(-0.000458994,-2.94498e-06)	

coeffarray
i 0	(-0.00058816,-1.91707e-06)	(-0.00137926,-6.06898e-06)	(-0.000460662,-2.83336e-06)	
i 1	(0.000912952,2.95785e-06)	(0.00209881,9.22449e-06)	(0.000691982,4.2835e-06)	
i 2	(-0.000631756,-1.98931e-06)	(-0.00131678,-5.75248e-06)	(-0.000404572,-2.59546e-06)	

coeffarray
i 0	(-0.000514927,-1.6784e-06)	(-0.00120759,-5.31364e-06)	(-0.000403342,-2.48076e-06)	
i 1	(0.000796976,2.5822e-06)	(0.00183242,8.05376e-06)	(0.000604206,3.73999e-06)	
i 2	(-0.000549918,-1.73175e-06)	(-0.00114652,-5.00878e-06)	(-0.000352338,-2.26011e-06)	

coeffarray
i 0	(-0.000445857,-1.45329e-06)	(-0.00104566,-4.60113e-06)	(-0.000349267,-2.14814e-06)	
i 1	(0.000688373,2.2304e-06)	(0.0015829,6.9571e-06)	(0.000521967,3.23082e-06)	
i 2	(-0.000473813,-1.49219e-06)	(-0.000988086,-4.31669e-06)	(-0.000303705,-1.94796e-06)	

coeffarray
i 0	(-0.000382413,-1.24651e-06)	(-0.000896909,-3.94659e-06)	(-0.000299589,-1.84258e-06)	
i 1	(0.000589173,1.90904e-06)	(0.00135491,5.95511e-06)	(0.000446817,2.76558e-06)	
i 2	(-0.000404674,-1.27452e-06)	(-0.000844077,-3.6876e-06)	(-0.000259483,-1.66418e-06)	

coeffarray
i 0	(-0.000325338,-1.06048e-06)	(-0.000763071,-3.35768e-06)	(-0.00025489,-1.56764e-06)	
i 1	(0.000500323,1.62119e-06)	(0.00115068,5.05749e-06)	(0.000379486,2.34877e-06)	
i 2	(-0.000343018,-1.08039e-06)	(-0.000715602,-3.12635e-06)	(-0.000220018,-1.41098e-06)	

coeffarray
i 0	(-0.000274838,-8.95876e-07)	(-0.000644646,-2.83659e-06)	(-0.000215337,-1.32437e-06)	
i 1	(0.000421993,1.3674e-06)	(0.000970599,4.26601e-06)	(0.000320111,1.98123e-06)	
i 2	(-0.000288856,-9.09835e-07)	(-0.0006027,-2.63313e-06)	(-0.000185328,-1.18843e-06)	

coeffarray
i 0	(-0.00023076,-7.52202e-07)	(-0.000541273,-2.38173e-06)	(-0.000180809,-1.11201e-06)	
i 1	(0.000353824,1.14654e-06)	(0.000813859,3.57711e-06)	(0.000268428,1.66132e-06)	
i 2	(-0.000241857,-7.61829e-07)	(-0.000504706,-2.20502e-06)	(-0.000155211,-9.95255e-07)	

coeffarray
i 0	(-0.000192716,-6.28196e-07)	(-0.000452048,-1.98912e-06)	(-0.000151006,-9.28706e-07)	
i 1	(0.000295133,9.56367e-07)	(0.000678895,2.98392e-06)	(0.000223922,1.38585e-06)	
i 2	(-0.000201492,-6.34704e-07)	(-0.000420522,-1.83725e-06)	(-0.000129335,-8.29286e-07)	

coeffarray
i 0	(-0.000160188,-5.22167e-07)	(-0.000375755,-1.65342e-06)	(-0.000125523,-7.71973e-07)	
i 1	(0.000245056,7.94104e-07)	(0.000563729,2.47774e-06)	(0.000185942,1.15077e-06)	
i 2	(-0.000167123,-5.26455e-07)	(-0.000348828,-1.52403e-06)	(-0.000107293,-6.8793e-07)	

coeffarray
i 0	(-0.000132597,-4.3223e-07)	(-0.00031104,-1.36865e-06)	(-0.000103905,-6.39022e-07)	
i 1	(0.000202654,6.5671e-07)	(0.000466207,2.04911e-06)	(0.00015378,9.51709e-07)	
i 2	(-0.000138073,-4.34956e-07)	(-0.000288221,-1.25924e-06)	(-8.8658e-05,-5.68425e-07)	

coeffarray
i 0	(-0.000109352,-3.56461e-07)	(-0.000256518,-1.12875e-06)	(-8.56929e-05,-5.27012e-07)	
i 1	(0.000166987,5.41135e-07)	(0.000384169,1.68854e-06)	(0.000126722,7.84248e-07)	
i 2	(-0.000113675,-3.58105e-07)	(-0.00023731,-1.03682e-06)	(-7.30025e-05,-4.68035e-07)	

coeffarray
i 0	(-8.9885e-05,-2.93004e-07)	(-0.000210855,-9.27818e-07)	(-7.04393e-05,-4.332e-07)	
i 1	(0.000137155,4.44467e-07)	(0.000315549,1.38693e-06)	(0.00010409,6.44174e-07)	
i 2	(-9.32953e-05,-2.93911e-07)	(-0.00019478,-8.51008e-07)	(-5.99227e-05,-3.84166e-07)	

coeffarray
i 0	(-7.36646e-05,-2.4013e-07)	(-0.000172807,-7.60397e-07)	(-5.77293e-05,-3.55032e-07)	
i 1	(0.000112328,3.64015e-07)	(0.000258437,1.13591e-06)	(8.52519e-05,5.27589e-07)	
i 2	(-7.63545e-05,-2.40547e-07)	(-0.000159422,-6.96529e-07)	(-4.90477e-05,-3.14438e-07)	

coeffarray
i 0	(-6.02102e-05,-1.96273e-07)	(-0.000141247,-6.21523e-07)	(-4.71863e-05,-2.90192e-07)	
i 1	(9.17553e-05,2.97349e-07)	(0.000211111,9.27901e-07)	(6.96414e-05,4.30978e-07)	
i 2	(-6.23314e-05,-1.96372e-07)	(-0.000130151,-5.68643e-07)	(-4.0044e-05,-2.5671e-07)	

coeffarray
i 0	(-4.90944e-05,-1.60038e-07)	(-0.000115172,-5.06786e-07)	(-3.84757e-05,-2.36622e-07)	
i 1	(7.47741e-05,2.4232e-07)	(0.000172045,7.56193e-07)	(5.67551e-05,3.51228e-07)	
i 2	(-5.07668e-05,-1.59941e-07)	(-0.00010601,-4.63168e-07)	(-3.26177e-05,-2.09098e-07)	

coeffarray
i 0	(-3.99432e-05,-1.30207e-07)	(-9.37043e-05,-4.12325e-07)	(-3.13042e-05,-1.92518e-07)	
i 1	(6.08052e-05,1.97052e-07)	(0.000139907,6.14939e-07)	(4.61542e-05,2.85622e-07)	
i 2	(-4.12615e-05,-1.29996e-07)	(-8.61652e-05,-3.76467e-07)	(-2.65129e-05,-1.69959e-07)	

coeffarray
i 0	(-3.24329e-05,-1.05725e-07)	(-7.60863e-05,-3.34801e-07)	(-2.54187e-05,-1.56321e-07)	
i 1	(4.93494e-05,1.59929e-07)	(0.000113551,4.99095e-07)	(3.746e-05,2.31817e-07)	
i 2	(-3.3472e-05,-1.05456e-07)	(-6.99019e-05,-3.05411e-07)	(-2.15095e-05,-1.37882e-07)	

coeffarray
i 0	(-2.62867e-05,-8.56904e-08)	(-6.16682e-05,-2.71357e-07)	(-2.0602e-05,-1.26699e-07)	
i 1	(3.99806e-05,1.29567e-07)	(9.19954e-05,4.04352e-07)	(3.03493e-05,1.87812e-07)	
i 2	(-2.71057e-05,-8.53998e-08)	(-5.66091e-05,-2.47334e-07)	(-1.74197e-05,-1.11664e-07)	

coeffarray
i 0	(-2.12697e-05,-6.93359e-08)	(-4.98988e-05,-2.19569e-07)	(-1.66702e-05,-1.02519e-07)	
i 1	(3.23374e-05,1.04798e-07)	(7.44098e-05,3.27057e-07)	(2.4548e-05,1.51911e-07)	
i 2	(-2.19152e-05,-6.90472e-08)	(-4.57707e-05,-1.9998e-07)	(-1.4085e-05,-9.02861e-08)	

coeffarray
i 0	(-1.71839e-05,-5.60168e-08)	(-4.03136e-05,-1.77391e-07)	(-1.3468e-05,-8.28261e-08)	
i 1	(2.61161e-05,8.46369e-08)	(6.00953e-05,2.6414e-07)	(1.98258e-05,1.22688e-07)	
i 2	(-1.76925e-05,-5.57436e-08)	(-3.69528e-05,-1.61453e-07)	(-1.13718e-05,-7.28931e-08)	

coeffarray
i 0	(-1.38633e-05,-4.51922e-08)	(-3.25237e-05,-1.43113e-07)	(-1.08656e-05,-6.68214e-08)	
i 1	(2.10625e-05,6.82594e-08)	(4.84672e-05,2.1303e-07)	(1.59898e-05,9.8949e-08)	
i 2	(-1.42641e-05,-4.49421e-08)	(-2.97931e-05,-1.30172e-07)	(-9.1687e-06,-5.87707e-08)	

coeffarray
i 0	(-1.11697e-05,-3.64118e-08)	(-2.62047e-05,-1.15308e-07)	(-8.75457e-06,-5.38389e-08)	
i 1	(1.6965e-05,5.49805e-08)	(3.90389e-05,1.7159e-07)	(1.28794e-05,7.97009e-08)	
i 2	(-1.14856e-05,-3.61881e-08)	(-2.39904e-05,-1.04819e-07)	(-7.38311e-06,-4.73246e-08)	

coeffarray
i 0	(-8.98865e-06,-2.93018e-08)	(-2.10879e-05,-9.27927e-08)	(-7.04515e-06,-4.33262e-08)	
i 1	(1.36484e-05,4.42321e-08)	(3.14073e-05,1.38047e-07)	(1.03618e-05,6.41207e-08)	
i 2	(-9.2375e-06,-2.91052e-08)	(-1.92953e-05,-8.4305e-08)	(-5.93831e-06,-3.80632e-08)	

coeffarray
i 0	(-7.22531e-06,-2.35536e-08)	(-1.69511e-05,-7.45896e-08)	(-5.66312e-06,-3.4827e-08)	
i 1	(1.0968e-05,3.55457e-08)	(2.52396e-05,1.10937e-07)	(8.32702e-06,5.15291e-08)	
i 2	(-7.42136e-06,-2.33831e-08)	(-1.55022e-05,-6.77322e-08)	(-4.77104e-06,-3.05809e-08)	

coeffarray
i 0	(-5.80179e-06,-1.89131e-08)	(-1.36115e-05,-5.98943e-08)	(-4.54742e-06,-2.79656e-08)	
i 1	(8.80494e-06,2.85355e-08)	(2.02621e-05,8.90596e-08)	(6.6849e-06,4.13672e-08)	
i 2	(-5.95622e-06,-1.87669e-08)	(-1.2442e-05,-5.43618e-08)	(-3.8293e-06,-2.45444e-08)	

coeffarray
i 0	(-4.65413e-06,-1.51719e-08)	(-1.0919e-05,-4.80468e-08)	(-3.64791e-06,-2.24338e-08)	
i 1	(7.06156e-06,2.28855e-08)	(1.62504e-05,7.14266e-08)	(5.36138e-06,3.3177e-08)	
i 2	(-4.77574e-06,-1.50475e-08)	(-9.97632e-06,-4.35887e-08)	(-3.07049e-06,-1.96805e-08)	

coeffarray
i 0	(-3.72999e-06,-1.21593e-08)	(-8.75094e-06,-3.85067e-08)	(-2.92359e-06,-1.79794e-08)	
i 1	(5.65814e-06,1.83373e-08)	(1.30209e-05,5.72318e-08)	(4.29593e-06,2.65837e-08)	
i 2	(-3.82572e-06,-1.20543e-08)	(-7.99194e-06,-3.49186e-08)	(-2.45978e-06,-1.5766e-08)	

coeffarray
i 0	(-2.98667e-06,-9.73622e-09)	(-7.00706e-06,-3.08331e-08)	(-2.34099e-06,-1.43965e-08)	
i 1	(4.52959e-06,1.46799e-08)	(1.04239e-05,4.5817e-08)	(3.43913e-06,2.12817e-08)	
i 2	(-3.06197e-06,-9.64787e-09)	(-6.39661e-06,-2.79483e-08)	(-1.9688e-06,-1.2619e-08)	

coeffarray
i 0	(-2.38939e-06,-7.78913e-09)	(-5.60578e-06,-2.46671e-08)	(-1.87284e-06,-1.15175e-08)	
i 1	(3.62296e-06,1.17416e-08)	(8.33758e-06,3.66468e-08)	(2.75081e-06,1.70222e-08)	
i 2	(-2.44855e-06,-7.7151e-09)	(-5.11525e-06,-2.23498e-08)	(-1.57444e-06,-1.00912e-08)	

coeffarray
i 0	(-1.90986e-06,-6.22594e-09)	(-4.48078e-06,-1.97167e-08)	(-1.49699e-06,-9.20609e-09)	
i 1	(2.89523e-06,9.38314e-09)	(6.6629e-06,2.9286e-08)	(2.1983e-06,1.36032e-08)	
i 2	(-1.95626e-06,-6.16399e-09)	(-4.0869e-06,-1.78567e-08)	(-1.25794e-06,-8.06261e-09)	

coeffarray
i 0	(-1.52516e-06,-4.97187e-09)	(-3.57824e-06,-1.57453e-08)	(-1.19547e-06,-7.35178e-09)	
i 1	(2.3115e-06,7.49135e-09)	(5.31959e-06,2.33817e-08)	(1.75511e-06,1.08607e-08)	
i 2	(-1.56144e-06,-4.92e-09)	(-3.26216e-06,-1.42532e-08)	(-1.00411e-06,-6.43562e-09)	

coeffarray
i 0	(-1.21671e-06,-3.96637e-09)	(-2.85459e-06,-1.25611e-08)	(-9.53703e-07,-5.865e-09)	
i 1	(1.84351e-06,5.97469e-09)	(4.24265e-06,1.86481e-08)	(1.39981e-06,8.66202e-09)	
i 2	(-1.24495e-06,-3.92277e-09)	(-2.60101e-06,-1.13645e-08)	(-8.00624e-07,-5.13137e-09)	

coeffarray
i 0	(-9.69486e-07,-3.16044e-09)	(-2.27458e-06,-1.00088e-08)	(-7.59926e-07,-4.67331e-09)	
i 1	(1.46843e-06,4.75911e-09)	(3.3795e-06,1.48542e-08)	(1.11503e-06,6.8998e-09)	
i 2	(-9.91285e-07,-3.12353e-09)	(-2.07113e-06,-9.04932e-09)	(-6.37536e-07,-4.08604e-09)	

coeffarray
i 0	(-7.71333e-07,-2.51448e-09)	(-1.80969e-06,-7.9632e-09)	(-6.04614e-07,-3.71818e-09)	
i 1	(1.16779e-06,3.78476e-09)	(2.68765e-06,1.18133e-08)	(8.86775e-07,5.4873e-09)	
i 2	(-7.87945e-07,-2.48284e-09)	(-1.64636e-06,-7.19343e-09)	(-5.06804e-07,-3.2481e-09)	

coeffarray
i 0	(-6.12445e-07,-1.99653e-09)	(-1.43693e-06,-6.32292e-09)	(-4.80078e-07,-2.95232e-09)	
i 1	(9.26669e-07,3.00332e-09)	(2.13277e-06,9.3744e-09)	(7.03712e-07,4.35448e-09)	
i 2	(-6.24822e-07,-1.96888e-09)	(-1.30562e-06,-5.70465e-09)	(-4.01934e-07,-2.57592e-09)	

coeffarray
i 0	(-4.84895e-07,-1.58073e-09)	(-1.13769e-06,-5.00619e-09)	(-3.80107e-07,-2.33752e-09)	
i 1	(7.33025e-07,2.37576e-09)	(1.68717e-06,7.4158e-09)	(5.567e-07,3.44473e-09)	
i 2	(-4.93752e-07,-1.55591e-09)	(-1.03184e-06,-4.50847e-09)	(-3.17678e-07,-2.03585e-09)	

coeffarray
i 0	(-3.82281e-07,-1.24623e-09)	(-8.96956e-07,-3.94689e-09)	(-2.99682e-07,-1.84291e-09)	
i 1	(5.7712e-07,1.8705e-09)	(1.32842e-06,5.83897e-09)	(4.38346e-07,2.71233e-09)	
i 2	(-3.88132e-07,-1.22313e-09)	(-8.11246e-07,-3.54464e-09)	(-2.49792e-07,-1.6007e-09)	

coeffarray
i 0	(-2.99415e-07,-9.761e-10)	(-7.02557e-07,-3.09148e-09)	(-2.34738e-07,-1.44352e-09)	
i 1	(4.51061e-07,1.46198e-09)	(1.03837e-06,4.5641e-09)	(3.4266e-07,2.12018e-09)	
i 2	(-3.02608e-07,-9.53683e-10)	(-6.32647e-07,-2.76432e-09)	(-1.94838e-07,-1.24842e-09)	

coeffarray
i 0	(-2.32085e-07,-7.56619e-10)	(-5.4461e-07,-2.39647e-09)	(-1.81973e-07,-1.11902e-09)	
i 1	(3.4843e-07,1.12939e-09)	(8.02243e-07,3.52627e-09)	(2.6477e-07,1.63815e-09)	
i 2	(-2.32817e-07,-7.33819e-10)	(-4.86939e-07,-2.12771e-09)	(-1.50011e-07,-9.6104e-10)	

coeffarray
i 0	(-1.38895e-07,-4.53655e-10)	(-3.27922e-07,-1.44347e-09)	(-1.09996e-07,-6.75109e-10)	
i 1	(1.47095e-07,4.79822e-10)	(3.45828e-07,1.52193e-09)	(1.15693e-07,7.11011e-10)	
i 2	(-5.02125e-08,-1.62621e-10)	(-1.1529e-07,-5.06675e-10)	(-3.79799e-08,-2.352e-10)	

coeffarray
i 0	(0,0)	(0,0)	(0,0)	
i 1	(0,0)	(0,0)	(0,0)	
i 2	(0,0)	(0,0)	(0,0)	

norm	0	4.79418
norm	1	1.59806
norm	2	0.667029
recursionlevel, normsum(guessxt)	0	7.05927
recursionlevel, maxdelta(guessxt)	0	119.855
recursionlevel, maxdelta(residxt)	0	9.74133
recursionlevel, maxdelta(diffxt)	0	2.33164e-06
recursionlevel, maxdelta(nexttarget)	0	2.33164e-06
recursionlevel, maxdelta(targetdiff)	0	9.74133
recursionlevel, lvlpsif significance	194.881
recursionlevel, correction action	2.96677e-07
norm	0	2.95502e-07
norm	1	9.85006e-08
norm	2	1.75512e-07
recursionlevel, normsum(guessxt)	1	5.69514e-07
recursionlevel, maxdelta(guessxt)	1	2.1939e-05
recursionlevel, maxdelta(residxt)	1	2.33164e-06
recursionlevel, maxdelta(diffxt)	1	8.01234e-13
recursionlevel, maxdelta(nexttarget)	1	8.01234e-13
recursionlevel, maxdelta(targetdiff)	1	2.33164e-06
recursionlevel, lvlpsif significance	1.87604e-05
recursionlevel, correction action	1.51393e-19
norm	0	1.74148e-13
norm	1	5.80494e-14
norm	2	3.35114e-14
recursionlevel, normsum(guessxt)	2	2.65709e-13
recursionlevel, maxdelta(guessxt)	2	4.3537e-12
recursionlevel, maxdelta(residxt)	2	8.01234e-13
recursionlevel, maxdelta(diffxt)	2	2.00699e-19
recursionlevel, maxdelta(nexttarget)	2	2.00699e-19
recursionlevel, maxdelta(targetdiff)	2	8.01234e-13
recursionlevel, lvlpsif significance	1.03436e-12
recursionlevel, correction action	1.83344e-32
action due to imperfect solution	(-1.83344e-32,-1.51249e-39)
action due to imperfect solution	(-3.55698e-23,-5.31837e-25)
action due to imperfect solution	(1.23918e-13,-7.06221e-14)
0	component significance	0
1	component significance	119.855
2	component significance	83.3786
0	guessxt_legendre component significance	239.709
1	guessxt_legendre component significance	239.709
2	guessxt_legendre component significance	166.757
truncation error	0.01	444.928
action accumulation	1.42629e-13
newdt	0.01	2.24756e-09	4.74084e-05
maxnewdt	0.0271303
newdt	4.74084e-07
deleted psi
found new psi
deleted tbas_triD
returning from timestep_temporaleigenvectors
newdt after return	4.74084e-07
