0     -0.403656     5.26875e-170
1     0.00274832     -0.111954
2     0.00274832     -0.0559434
3     0.00274832     -0.0372581
4     0.00274832     -0.0279042
5     0.00274832     -0.0222828
6     0.00274832     -0.0185277
7     0.00274832     -0.015839
8     0.00274832     -0.0138167
9     0.00274832     -0.0122388
10    0.00274832     -0.0109719
11    0.00274832     -0.00993116
12    0.00274832     -0.00906
13    0.00274832     -0.00831929
14    0.00274832     -0.00768104
15    0.00274832     -0.00712476
16    0.00274832     -0.00663504
17    0.00274832     -0.00620011
18    0.00274832     -0.00581084
19    0.00274832     -0.00545998
20    0.00274832     -0.00514175
21    0.00274832     -0.00485147
22    0.00274832     -0.0045853
23    0.00274832     -0.00434007
24    0.00274832     -0.00411315
25    0.00274832     -0.00390232
26    0.00274832     -0.00370568
27    0.00274832     -0.00352165
28    0.00274832     -0.00334884
29    0.00274832     -0.00318607
30    0.00274832     -0.00303231
31    0.00274832     -0.00288665
32    0.00274832     -0.00274832
33    0.00274832     -0.00261662
34    0.00274832     -0.00249093
35    0.00274832     -0.00237072
36    0.00274832     -0.00225549
37    0.00274832     -0.00214481
38    0.00274832     -0.00203829
39    0.00274832     -0.00193559
40    0.00274832     -0.00183637
41    0.00274832     -0.00174036
42    0.00274832     -0.00164728
43    0.00274832     -0.0015569
44    0.00274832     -0.00146901
45    0.00274832     -0.00138339
46    0.00274832     -0.00129986
47    0.00274832     -0.00121825
48    0.00274832     -0.00113839
49    0.00274832     -0.00106014
50    0.00274832     -0.000983365
51    0.00274832     -0.000907923
52    0.00274832     -0.000833694
53    0.00274832     -0.000760563
54    0.00274832     -0.000688419
55    0.00274832     -0.000617156
56    0.00274832     -0.000546675
57    0.00274832     -0.000476879
58    0.00274832     -0.000407675
59    0.00274832     -0.000338973
60    0.00274832     -0.000270686
61    0.00274832     -0.000202728
62    0.00274832     -0.000135016
63    0.00274832     -6.74675e-05
64    0.00274832     -4.01582e-172
65    0.00274832     6.74675e-05
66    0.00274832     0.000135016
67    0.00274832     0.000202728
68    0.00274832     0.000270686
69    0.00274832     0.000338973
70    0.00274832     0.000407675
71    0.00274832     0.000476879
72    0.00274832     0.000546675
73    0.00274832     0.000617156
74    0.00274832     0.000688419
75    0.00274832     0.000760563
76    0.00274832     0.000833694
77    0.00274832     0.000907923
78    0.00274832     0.000983365
79    0.00274832     0.00106014
80    0.00274832     0.00113839
81    0.00274832     0.00121825
82    0.00274832     0.00129986
83    0.00274832     0.00138339
84    0.00274832     0.00146901
85    0.00274832     0.0015569
86    0.00274832     0.00164728
87    0.00274832     0.00174036
88    0.00274832     0.00183637
89    0.00274832     0.00193559
90    0.00274832     0.00203829
91    0.00274832     0.00214481
92    0.00274832     0.00225549
93    0.00274832     0.00237072
94    0.00274832     0.00249093
95    0.00274832     0.00261662
96    0.00274832     0.00274832
97    0.00274832     0.00288665
98    0.00274832     0.00303231
99    0.00274832     0.00318607
100   0.00274832     0.00334884
101   0.00274832     0.00352165
102   0.00274832     0.00370568
103   0.00274832     0.00390232
104   0.00274832     0.00411315
105   0.00274832     0.00434007
106   0.00274832     0.0045853
107   0.00274832     0.00485147
108   0.00274832     0.00514175
109   0.00274832     0.00545998
110   0.00274832     0.00581084
111   0.00274832     0.00620011
112   0.00274832     0.00663504
113   0.00274832     0.00712476
114   0.00274832     0.00768104
115   0.00274832     0.00831929
116   0.00274832     0.00906
117   0.00274832     0.00993116
118   0.00274832     0.0109719
119   0.00274832     0.0122388
120   0.00274832     0.0138167
121   0.00274832     0.015839
122   0.00274832     0.0185277
123   0.00274832     0.0222828
124   0.00274832     0.0279042
125   0.00274832     0.0372581
126   0.00274832     0.0559434
127   0.00274832     0.111954
