-22.640801	-0.000000	0.000000
-17.085810	0.000000	-0.000000
-13.596426	-0.000000	0.000000
-11.413403	-0.000000	0.000000
-10.263560	0.000001	-0.000002
-9.997598	0.000001	-0.000004
-9.988184	0.000000	-0.000003
-9.974398	-0.000000	-0.000003
-9.960613	-0.000001	-0.000003
-9.951199	-0.000001	-0.000004
-9.938742	-0.000002	-0.000005
-9.899336	-0.000005	-0.000008
-9.841631	-0.000005	-0.000015
-9.783925	-0.000001	-0.000019
-9.744519	0.000002	-0.000019
-9.724407	0.000003	-0.000018
-9.684992	0.000002	-0.000016
-9.627273	-0.000001	-0.000018
-9.569554	-0.000000	-0.000021
-9.530138	0.000001	-0.000021
-9.510022	0.000001	-0.000021
-9.470598	0.000000	-0.000022
-9.412866	-0.000000	-0.000023
-9.355134	0.000000	-0.000025
-9.315710	0.000001	-0.000026
-9.295590	0.000000	-0.000026
-9.256157	0.000000	-0.000027
-9.198413	0.000000	-0.000029
-9.140669	0.000000	-0.000031
-9.101237	0.000000	-0.000032
-9.081113	0.000000	-0.000033
-9.041672	0.000000	-0.000034
-8.983917	0.000000	-0.000036
-8.926161	0.000000	-0.000038
-8.886721	0.000000	-0.000040
-8.866593	0.000000	-0.000041
-8.827146	0.000000	-0.000042
-8.769380	0.000001	-0.000045
-8.711614	0.000001	-0.000047
-8.672167	0.000001	-0.000049
-8.652035	0.000001	-0.000050
-8.612581	0.000001	-0.000052
-8.554806	0.000001	-0.000055
-8.497030	0.000001	-0.000058
-8.457577	0.000001	-0.000060
-8.437442	0.000001	-0.000062
-8.397982	0.000001	-0.000064
-8.340198	0.000001	-0.000068
-8.282414	0.000001	-0.000071
-8.242954	0.000001	-0.000074
-8.222817	0.000001	-0.000075
-8.183352	0.000001	-0.000078
-8.125561	0.000001	-0.000083
-8.067769	0.000001	-0.000087
-8.028304	0.000001	-0.000090
-8.008164	0.000001	-0.000092
-7.968695	0.000001	-0.000096
-7.910897	0.000001	-0.000101
-7.853099	0.000001	-0.000106
-7.813630	0.000001	-0.000110
-7.793488	0.000001	-0.000113
-7.754016	0.000001	-0.000117
-7.696213	0.000001	-0.000123
-7.638410	0.000002	-0.000130
-7.598937	0.000002	-0.000135
-7.578794	0.000002	-0.000137
-7.539318	0.000002	-0.000142
-7.481512	0.000002	-0.000150
-7.423705	0.000002	-0.000158
-7.384229	0.000002	-0.000164
-7.364085	0.000002	-0.000167
-7.324608	0.000002	-0.000173
-7.266799	0.000002	-0.000182
-7.208990	0.000002	-0.000192
-7.169513	0.000002	-0.000199
-7.149368	0.000002	-0.000202
-7.109891	0.000002	-0.000210
-7.052081	0.000003	-0.000221
-6.994271	0.000003	-0.000233
-6.954794	0.000003	-0.000241
-6.934649	0.000003	-0.000245
-6.895173	0.000003	-0.000254
-6.837364	0.000003	-0.000267
-6.779555	0.000003	-0.000281
-6.740078	0.000003	-0.000291
-6.719934	0.000003	-0.000297
-6.680460	0.000004	-0.000307
-6.622654	0.000004	-0.000323
-6.564848	0.000004	-0.000340
-6.525374	0.000004	-0.000352
-6.505231	0.000004	-0.000358
-6.465760	0.000004	-0.000371
-6.407959	0.000005	-0.000390
-6.350158	0.000005	-0.000410
-6.310687	0.000005	-0.000424
-6.290547	0.000005	-0.000432
-6.251081	0.000005	-0.000447
-6.193287	0.000005	-0.000469
-6.135494	0.000006	-0.000493
-6.096028	0.000006	-0.000510
-6.075890	0.000006	-0.000519
-6.036431	0.000006	-0.000537
-5.978647	0.000007	-0.000564
-5.920864	0.000007	-0.000592
-5.881405	0.000007	-0.000612
-5.861271	0.000007	-0.000623
-5.821821	0.000007	-0.000644
-5.764050	0.000008	-0.000676
-5.706279	0.000008	-0.000709
-5.666828	0.000009	-0.000733
-5.646700	0.000009	-0.000745
-5.607260	0.000009	-0.000770
-5.549505	0.000009	-0.000808
-5.491750	0.000010	-0.000847
-5.452310	0.000010	-0.000875
-5.432188	0.000010	-0.000890
-5.392761	0.000011	-0.000919
-5.335026	0.000011	-0.000963
-5.277290	0.000012	-0.001009
-5.237864	0.000012	-0.001042
-5.217748	0.000012	-0.001059
-5.178338	0.000013	-0.001093
-5.120625	0.000013	-0.001144
-5.062913	0.000014	-0.001198
-5.023502	0.000014	-0.001236
-5.003396	0.000014	-0.001256
-4.964004	0.000015	-0.001296
-4.906319	0.000016	-0.001356
-4.848634	0.000016	-0.001418
-4.809242	0.000017	-0.001462
-4.789146	0.000017	-0.001485
-4.749776	0.000018	-0.001531
-4.692123	0.000018	-0.001600
-4.634470	0.000019	-0.001672
-4.595100	0.000020	-0.001723
-4.575017	0.000020	-0.001749
-4.535673	0.000021	-0.001802
-4.478058	0.000022	-0.001882
-4.420443	0.000022	-0.001964
-4.381099	0.000023	-0.002022
-4.361029	0.000023	-0.002053
-4.321715	0.000024	-0.002113
-4.264144	0.000025	-0.002204
-4.206573	0.000026	-0.002297
-4.167259	0.000027	-0.002363
-4.147206	0.000027	-0.002398
-4.107926	0.000028	-0.002466
-4.050406	0.000029	-0.002568
-3.992886	0.000030	-0.002674
-3.953607	0.000031	-0.002749
-3.933573	0.000031	-0.002787
-3.894334	0.000032	-0.002864
-3.836873	0.000033	-0.002979
-3.779412	0.000035	-0.003097
-3.740173	0.000036	-0.003180
-3.720161	0.000036	-0.003222
-3.680968	0.000037	-0.003307
-3.623575	0.000038	-0.003435
-3.566182	0.000040	-0.003565
-3.526990	0.000041	-0.003657
-3.507004	0.000041	-0.003704
-3.467865	0.000042	-0.003797
-3.410550	0.000044	-0.003936
-3.353236	0.000045	-0.004078
-3.314097	0.000046	-0.004177
-3.294140	0.000046	-0.004228
-3.255064	0.000048	-0.004329
-3.197840	0.000049	-0.004479
-3.140616	0.000051	-0.004631
-3.101539	0.000052	-0.004737
-3.081617	0.000052	-0.004791
-3.042612	0.000053	-0.004898
-2.985493	0.000055	-0.005056
-2.928374	0.000056	-0.005217
-2.889369	0.000057	-0.005327
-2.869486	0.000058	-0.005383
-2.830564	0.000059	-0.005494
-2.773566	0.000060	-0.005658
-2.716569	0.000062	-0.005821
-2.677646	0.000063	-0.005934
-2.657809	0.000063	-0.005991
-2.618983	0.000064	-0.006102
-2.562126	0.000066	-0.006266
-2.505269	0.000067	-0.006428
-2.466443	0.000068	-0.006538
-2.446658	0.000069	-0.006593
-2.407943	0.000069	-0.006702
-2.351250	0.000071	-0.006858
-2.294556	0.000072	-0.007011
-2.255841	0.000073	-0.007113
-2.236118	0.000073	-0.007165
-2.197532	0.000074	-0.007264
-2.141028	0.000075	-0.007404
-2.084524	0.000076	-0.007538
-2.045938	0.000076	-0.007626
-2.026286	0.000076	-0.007670
-1.987851	0.000077	-0.007752
-1.931567	0.000078	-0.007866
-1.875282	0.000078	-0.007970
-1.836847	0.000078	-0.008036
-1.817278	0.000078	-0.008067
-1.779017	0.000078	-0.008124
-1.722988	0.000079	-0.008198
-1.666959	0.000078	-0.008259
-1.628697	0.000078	-0.008292
-1.609224	0.000078	-0.008306
-1.571164	0.000078	-0.008329
-1.515430	0.000077	-0.008348
-1.459695	0.000077	-0.008350
-1.421635	0.000076	-0.008341
-1.402272	0.000076	-0.008333
-1.364442	0.000075	-0.008311
-1.309044	0.000074	-0.008261
-1.253646	0.000072	-0.008189
-1.215816	0.000071	-0.008128
-1.196578	0.000071	-0.008092
-1.159005	0.000069	-0.008015
-1.103984	0.000067	-0.007882
-1.048964	0.000065	-0.007724
-1.011391	0.000064	-0.007601
-0.992289	0.000063	-0.007534
-0.954995	0.000061	-0.007394
-0.900381	0.000059	-0.007167
-0.845768	0.000056	-0.006914
-0.808473	0.000054	-0.006725
-0.789514	0.000053	-0.006624
-0.752500	0.000051	-0.006418
-0.698298	0.000047	-0.006094
-0.644096	0.000044	-0.005743
-0.607082	0.000042	-0.005489
-0.588258	0.000041	-0.005355
-0.551496	0.000038	-0.005084
-0.497662	0.000035	-0.004668
-0.443828	0.000031	-0.004230
-0.407066	0.000029	-0.003918
-0.388351	0.000027	-0.003755
-0.351765	0.000025	-0.003431
-0.298189	0.000021	-0.002941
-0.244613	0.000017	-0.002435
-0.208027	0.000015	-0.002082
-0.189371	0.000013	-0.001900
-0.152841	0.000011	-0.001540
-0.099346	0.000007	-0.001005
-0.045851	0.000003	-0.000465
-0.009321	0.000001	-0.000095
0.009321	-0.000001	0.000095
0.045851	-0.000003	0.000465
0.099346	-0.000007	0.001005
0.152841	-0.000011	0.001540
0.189371	-0.000014	0.001900
0.208027	-0.000015	0.002082
0.244613	-0.000018	0.002435
0.298189	-0.000022	0.002941
0.351765	-0.000025	0.003431
0.388351	-0.000028	0.003755
0.407066	-0.000029	0.003918
0.443828	-0.000032	0.004230
0.497662	-0.000036	0.004668
0.551496	-0.000040	0.005084
0.588258	-0.000042	0.005355
0.607082	-0.000044	0.005489
0.644096	-0.000046	0.005743
0.698298	-0.000050	0.006094
0.752500	-0.000053	0.006418
0.789514	-0.000055	0.006624
0.808473	-0.000057	0.006725
0.845768	-0.000059	0.006914
0.900381	-0.000062	0.007167
0.954995	-0.000065	0.007394
0.992289	-0.000067	0.007534
1.011391	-0.000068	0.007601
1.048964	-0.000070	0.007724
1.103984	-0.000072	0.007882
1.159005	-0.000074	0.008015
1.196578	-0.000076	0.008092
1.215816	-0.000076	0.008128
1.253646	-0.000078	0.008189
1.309044	-0.000079	0.008261
1.364442	-0.000081	0.008311
1.402272	-0.000082	0.008333
1.421635	-0.000082	0.008341
1.459695	-0.000083	0.008350
1.515430	-0.000084	0.008348
1.571164	-0.000085	0.008329
1.609224	-0.000085	0.008306
1.628697	-0.000085	0.008292
1.666959	-0.000086	0.008259
1.722988	-0.000086	0.008198
1.779017	-0.000086	0.008124
1.817278	-0.000086	0.008067
1.836847	-0.000086	0.008036
1.875282	-0.000086	0.007970
1.931567	-0.000085	0.007866
1.987851	-0.000085	0.007752
2.026286	-0.000085	0.007670
2.045938	-0.000084	0.007626
2.084524	-0.000084	0.007538
2.141028	-0.000083	0.007404
2.197532	-0.000082	0.007263
2.236118	-0.000081	0.007165
2.255841	-0.000081	0.007113
2.294556	-0.000080	0.007011
2.351250	-0.000079	0.006858
2.407943	-0.000078	0.006702
2.446658	-0.000077	0.006593
2.466443	-0.000077	0.006538
2.505269	-0.000076	0.006428
2.562126	-0.000074	0.006266
2.618983	-0.000073	0.006102
2.657809	-0.000072	0.005991
2.677646	-0.000071	0.005934
2.716569	-0.000070	0.005821
2.773566	-0.000069	0.005657
2.830564	-0.000067	0.005494
2.869486	-0.000066	0.005383
2.889369	-0.000065	0.005327
2.928374	-0.000064	0.005217
2.985493	-0.000063	0.005056
3.042612	-0.000061	0.004898
3.081617	-0.000060	0.004791
3.101539	-0.000059	0.004737
3.140616	-0.000058	0.004631
3.197840	-0.000056	0.004479
3.255064	-0.000055	0.004329
3.294140	-0.000054	0.004228
3.314097	-0.000053	0.004177
3.353236	-0.000052	0.004078
3.410550	-0.000051	0.003936
3.467865	-0.000049	0.003797
3.507004	-0.000048	0.003704
3.526990	-0.000047	0.003656
3.566182	-0.000046	0.003565
3.623575	-0.000045	0.003435
3.680968	-0.000043	0.003307
3.720161	-0.000042	0.003222
3.740173	-0.000042	0.003180
3.779412	-0.000041	0.003097
3.836873	-0.000039	0.002979
3.894334	-0.000038	0.002864
3.933573	-0.000037	0.002787
3.953607	-0.000037	0.002749
3.992886	-0.000036	0.002674
4.050406	-0.000034	0.002568
4.107926	-0.000033	0.002466
4.147206	-0.000032	0.002398
4.167259	-0.000032	0.002363
4.206573	-0.000031	0.002297
4.264144	-0.000030	0.002204
4.321715	-0.000029	0.002113
4.361029	-0.000028	0.002053
4.381099	-0.000028	0.002022
4.420443	-0.000027	0.001964
4.478058	-0.000026	0.001882
4.535673	-0.000025	0.001802
4.575017	-0.000024	0.001749
4.595100	-0.000024	0.001723
4.634470	-0.000023	0.001672
4.692123	-0.000022	0.001600
4.749776	-0.000021	0.001531
4.789146	-0.000021	0.001485
4.809242	-0.000020	0.001462
4.848634	-0.000020	0.001418
4.906319	-0.000019	0.001356
4.964004	-0.000018	0.001296
5.003396	-0.000018	0.001256
5.023502	-0.000017	0.001236
5.062913	-0.000017	0.001198
5.120625	-0.000016	0.001144
5.178338	-0.000016	0.001093
5.217748	-0.000015	0.001059
5.237864	-0.000015	0.001042
5.277290	-0.000014	0.001009
5.335026	-0.000014	0.000963
5.392761	-0.000013	0.000919
5.432188	-0.000013	0.000890
5.452310	-0.000013	0.000875
5.491750	-0.000012	0.000847
5.549505	-0.000012	0.000808
5.607260	-0.000011	0.000770
5.646700	-0.000011	0.000745
5.666828	-0.000011	0.000733
5.706279	-0.000010	0.000709
5.764050	-0.000010	0.000676
5.821821	-0.000009	0.000644
5.861271	-0.000009	0.000623
5.881405	-0.000009	0.000612
5.920864	-0.000009	0.000592
5.978647	-0.000008	0.000564
6.036431	-0.000008	0.000537
6.075890	-0.000008	0.000519
6.096028	-0.000008	0.000510
6.135494	-0.000007	0.000493
6.193287	-0.000007	0.000469
6.251081	-0.000007	0.000447
6.290547	-0.000006	0.000432
6.310687	-0.000006	0.000424
6.350158	-0.000006	0.000410
6.407959	-0.000006	0.000390
6.465760	-0.000006	0.000371
6.505231	-0.000005	0.000358
6.525374	-0.000005	0.000352
6.564848	-0.000005	0.000340
6.622654	-0.000005	0.000323
6.680460	-0.000005	0.000307
6.719934	-0.000004	0.000297
6.740078	-0.000004	0.000291
6.779555	-0.000004	0.000281
6.837364	-0.000004	0.000267
6.895173	-0.000004	0.000254
6.934649	-0.000004	0.000245
6.954794	-0.000004	0.000241
6.994271	-0.000004	0.000232
7.052081	-0.000003	0.000221
7.109891	-0.000003	0.000210
7.149368	-0.000003	0.000202
7.169513	-0.000003	0.000199
7.208990	-0.000003	0.000192
7.266799	-0.000003	0.000182
7.324608	-0.000003	0.000173
7.364085	-0.000003	0.000167
7.384229	-0.000003	0.000164
7.423705	-0.000002	0.000158
7.481512	-0.000002	0.000150
7.539318	-0.000002	0.000142
7.578794	-0.000002	0.000137
7.598937	-0.000002	0.000134
7.638410	-0.000002	0.000130
7.696213	-0.000002	0.000123
7.754016	-0.000002	0.000117
7.793488	-0.000002	0.000112
7.813630	-0.000002	0.000110
7.853099	-0.000002	0.000106
7.910897	-0.000002	0.000101
7.968695	-0.000002	0.000095
8.008164	-0.000001	0.000092
8.028304	-0.000001	0.000090
8.067769	-0.000001	0.000087
8.125561	-0.000001	0.000082
8.183352	-0.000001	0.000078
8.222817	-0.000001	0.000075
8.242954	-0.000001	0.000074
8.282414	-0.000001	0.000071
8.340198	-0.000001	0.000067
8.397982	-0.000001	0.000064
8.437442	-0.000001	0.000061
8.457577	-0.000001	0.000060
8.497030	-0.000001	0.000058
8.554806	-0.000001	0.000055
8.612581	-0.000001	0.000052
8.652035	-0.000001	0.000050
8.672167	-0.000001	0.000049
8.711614	-0.000001	0.000047
8.769380	-0.000001	0.000044
8.827146	-0.000001	0.000042
8.866593	-0.000001	0.000040
8.886721	-0.000001	0.000040
8.926161	-0.000001	0.000038
8.983917	-0.000001	0.000036
9.041672	-0.000001	0.000034
9.081113	-0.000001	0.000032
9.101237	-0.000001	0.000032
9.140669	-0.000000	0.000031
9.198413	-0.000000	0.000029
9.256157	-0.000001	0.000027
9.295590	-0.000001	0.000026
9.315710	-0.000001	0.000026
9.355134	-0.000000	0.000025
9.412866	0.000001	0.000023
9.470598	0.000002	0.000021
9.510022	0.000002	0.000018
9.530138	0.000003	0.000017
9.569554	0.000002	0.000014
9.627273	0.000000	0.000010
9.684992	-0.000001	0.000006
9.724407	-0.000002	0.000002
10.263560	-0.000001	0.000001
11.413403	0.000000	-0.000000
13.596426	0.000000	-0.000000
17.085810	-0.000000	0.000000
22.640801	0.000000	-0.000000
