0	-4.12128e-08	-2.34441e-247	
1	-4.78339e-08	-1.73364e-247	
2	-5.55153e-08	1.14851e-248	
3	-6.44262e-08	1.00741e-248	
4	-7.47624e-08	2.0521e-249	
5	-8.67514e-08	-2.418e-249	
6	-1.00656e-07	2.31217e-250	
7	-1.16782e-07	2.02958e-250	
8	-1.35481e-07	3.00302e-251	
9	-1.57164e-07	1.32281e-252	
10	-1.82304e-07	-2.29324e-251	
11	-2.1145e-07	1.5775e-251	
12	-2.45238e-07	2.89686e-252	
13	-2.84403e-07	-4.70356e-253	
14	-3.29799e-07	-2.94532e-253	
15	-3.8241e-07	-1.93961e-253	
16	-4.43379e-07	2.33417e-253	
17	-5.14027e-07	3.64221e-254	
18	-5.95883e-07	-1.23681e-254	
19	-6.90717e-07	-7.58658e-255	
20	-8.00576e-07	-1.33646e-255	
21	-9.27827e-07	2.54567e-255	
22	-1.07521e-06	4.10561e-256	
23	-1.24589e-06	-1.92226e-256	
24	-1.44354e-06	-1.43226e-256	
25	-1.67238e-06	-4.80245e-258	
26	-1.93731e-06	2.27483e-257	
27	-2.244e-06	4.05523e-258	
28	-2.59898e-06	-2.4422e-258	
29	-3.00982e-06	-2.38505e-258	
30	-3.48523e-06	6.0456e-260	
31	-4.03531e-06	1.60589e-259	
32	-4.67172e-06	3.15949e-260	
33	-5.40789e-06	-2.70746e-260	
34	-6.25938e-06	-7.49531e-261	
35	-7.2441e-06	1.84938e-261	
36	-8.38275e-06	6.47574e-262	
37	-9.69922e-06	9.47683e-263	
38	-1.12211e-05	-2.62991e-262	
39	-1.29801e-05	1.52859e-262	
40	-1.50129e-05	3.11736e-263	
41	-1.73618e-05	-4.64228e-264	
42	-2.00756e-05	-3.2463e-264	
43	-2.32104e-05	-2.13279e-264	
44	-2.68308e-05	2.65377e-264	
45	-3.10116e-05	4.16694e-265	
46	-3.58386e-05	-1.56505e-265	
47	-4.14106e-05	-1.03655e-265	
48	-4.78415e-05	-1.16843e-266	
49	-5.52624e-05	2.74823e-266	
50	-6.38241e-05	4.59656e-267	
51	-7.36998e-05	-2.46311e-267	
52	-8.50892e-05	-2.17492e-267	
53	-9.82213e-05	2.51624e-269	
54	-0.00011336	1.99398e-268	
55	-0.000130807	3.7593e-269	
56	-0.000150911	-2.94627e-269	
57	-0.000174071	-1.06031e-269	
58	-0.000200745	2.00572e-270	
59	-0.000231458	6.45342e-271	
60	-0.000266813	6.2941e-272	
61	-0.0003075	-2.79992e-271	
62	-0.000354313	2.07049e-271	
63	-0.000408156	3.7756e-272	
64	-0.000470069	-9.59614e-273	
65	-0.000541239	-6.41063e-273	
66	-0.000623025	-1.8464e-273	
67	-0.000716979	3.04794e-273	
68	-0.000824877	4.89771e-274	
69	-0.000948743	-2.39378e-274	
70	-0.00109089	-1.99176e-274	
71	-0.00125396	-2.58522e-277	
72	-0.00144094	2.26186e-275	
73	-0.00165528	4.10289e-276	
74	-0.00190085	-3.15374e-276	
75	-0.00218209	-7.41574e-277	
76	-0.00250403	2.44057e-277	
77	-0.00287239	3.19243e-278	
78	-0.00329364	-9.50822e-279	
79	-0.00377513	-2.71822e-278	
80	-0.00432516	2.88679e-278	
81	-0.00495313	4.72105e-279	
82	-0.00566965	-1.90746e-279	
83	-0.00648669	-1.45443e-279	
84	-0.00741771	-7.17958e-281	
85	-0.00847787	2.72423e-280	
86	-0.00968417	4.69278e-281	
87	-0.0110557	-3.27133e-281	
88	-0.0126137	-1.04877e-281	
89	-0.0143821	2.62144e-282	
90	-0.0163873	1.1132e-283	
91	-0.0186588	-2.5124e-283	
92	-0.0212292	-2.49777e-283	
93	-0.0241345	3.31293e-283	
94	-0.0274143	5.34517e-284	
95	-0.0311119	-2.78116e-284	
96	-0.0352749	-2.77781e-284	
97	-0.0399544	1.1417e-285	
98	-0.045206	1.24071e-285	
99	-0.051089	7.76213e-287	
100	-0.0576663	-2.97668e-286	
101	-0.0650041	3.22674e-286	
102	-0.073171	5.38031e-287	
103	-0.0822371	-2.83077e-287	
104	-0.092272	-3.08929e-287	
105	-0.103343	1.84628e-288	
106	-0.115514	3.66106e-289	
107	-0.128838	-3.89524e-289	
108	-0.143356	-1.8765e-289	
109	-0.159088	3.12302e-289	
110	-0.17603	4.4059e-290	
111	-0.194137	-3.39559e-290	
112	-0.213318	3.07198e-290	
113	-0.233414	5.50639e-291	
114	-0.254183	-3.40553e-291	
115	-0.275274	1.65195e-291	
116	-0.296198	5.28314e-292	
117	-0.316289	-3.373e-292	
118	-0.334659	2.84036e-292	
119	-0.35015	3.43648e-293	
120	-0.361246	-6.30465e-294	
121	-0.366016	-1.19986e-293	
122	-0.361982	9.02053e-294	
123	-0.346027	5.21241e-294	
124	-0.314217	-3.09269e-294	
125	-0.261635	2.94969e-294	
126	-0.182215	6.20147e-295	
127	-0.0690624	-3.58508e-295	
128	0.0690624	4.52057e-293	
129	0.182215	-4.45993e-293	
130	0.261635	-2.16778e-292	
131	0.314217	2.27256e-292	
132	0.346027	-3.82962e-292	
133	0.361982	-6.62647e-292	
134	0.366016	8.81476e-292	
135	0.361246	4.63191e-292	
136	0.35015	-2.52467e-291	
137	0.334659	-2.08671e-290	
138	0.316289	2.47802e-290	
139	0.296198	-3.88133e-290	
140	0.275274	-1.21363e-289	
141	0.254183	2.50192e-289	
142	0.233414	-4.04534e-289	
143	0.213318	-2.25687e-288	
144	0.194137	2.49462e-288	
145	0.17603	-3.23686e-288	
146	0.159088	-2.29437e-287	
147	0.143356	1.3786e-287	
148	0.128838	2.86169e-287	
149	0.115514	-2.68965e-287	
150	0.103343	-1.3564e-286	
151	0.092272	2.26959e-285	
152	0.0822371	2.07966e-285	
153	0.073171	-3.95272e-285	
154	0.0650041	-2.37057e-284	
155	0.0576663	2.18686e-284	
156	0.051089	-5.70256e-285	
157	0.045206	-9.11502e-284	
158	0.0399544	-8.38766e-284	
159	0.0352749	2.04075e-282	
160	0.0311119	2.04322e-282	
161	0.0274143	-3.92691e-282	
162	0.0241345	-2.43389e-281	
163	0.0212292	1.83502e-281	
164	0.0186588	1.84577e-281	
165	0.0163873	-8.17825e-282	
166	0.0143821	-1.92588e-280	
167	0.0126137	7.7049e-280	
168	0.0110557	2.40333e-279	
169	0.00968417	-3.44762e-279	
170	0.00847787	-2.00139e-278	
171	0.00741771	5.27458e-279	
172	0.00648669	1.06851e-277	
173	0.00566965	1.40134e-277	
174	0.00495313	-3.46839e-277	
175	0.00432516	-2.12082e-276	
176	0.00377513	1.99698e-276	
177	0.00329364	6.98535e-277	
178	0.00287239	-2.34536e-276	
179	0.00250403	-1.793e-275	
180	0.00218209	5.44808e-275	
181	0.00190085	2.31694e-274	
182	0.00165528	-3.01425e-274	
183	0.00144094	-1.66171e-273	
184	0.00125396	1.89927e-275	
185	0.00109089	1.46327e-272	
186	0.000948743	1.75862e-272	
187	0.000824877	-3.59817e-272	
188	0.000716979	-2.23921e-271	
189	0.000623025	1.35648e-271	
190	0.000541239	4.70966e-271	
191	0.000470069	7.04994e-271	
192	0.000408156	-2.7738e-270	
193	0.000354313	-1.52112e-269	
194	0.0003075	2.057e-269	
195	0.000266813	-4.62404e-270	
196	0.000231458	-4.74109e-269	
197	0.000200745	-1.47353e-268	
198	0.000174071	7.78974e-268	
199	0.000150911	2.16452e-267	
200	0.000130807	-2.76182e-267	
201	0.00011336	-1.46491e-266	
202	9.82213e-05	-1.84859e-267	
203	8.50892e-05	1.59783e-265	
204	7.36998e-05	1.80956e-265	
205	6.38241e-05	-3.37693e-265	
206	5.52624e-05	-2.01903e-264	
207	4.78415e-05	8.58404e-265	
208	4.14106e-05	7.61512e-264	
209	3.58386e-05	1.14978e-263	
210	3.10116e-05	-3.0613e-263	
211	2.68308e-05	-1.94963e-262	
212	2.32104e-05	1.56688e-262	
213	2.00756e-05	2.38494e-262	
214	1.73618e-05	3.41051e-262	
215	1.50129e-05	-2.29021e-261	
216	1.29801e-05	-1.123e-260	
217	1.12211e-05	1.9321e-260	
218	9.69922e-06	-6.96229e-261	
219	8.38275e-06	-4.7575e-260	
220	7.2441e-06	-1.35867e-259	
221	6.25938e-06	5.50653e-259	
222	5.40789e-06	1.98907e-258	
223	4.67172e-06	-2.32116e-258	
224	4.03531e-06	-1.17979e-257	
225	3.48523e-06	-4.44148e-258	
226	3.00982e-06	1.75221e-256	
227	2.59898e-06	1.7942e-256	
228	2.244e-06	-2.97923e-256	
229	1.93731e-06	-1.67123e-255	
230	1.67238e-06	3.52819e-256	
231	1.44354e-06	1.05223e-254	
232	1.24589e-06	1.41221e-254	
233	1.07521e-06	-3.01625e-254	
234	9.27827e-07	-1.87021e-253	
235	8.00576e-07	9.81845e-254	
236	6.90717e-07	5.57358e-253	
237	5.95883e-07	9.08638e-253	
238	5.14027e-07	-2.6758e-252	
239	4.43379e-07	-1.71483e-251	
240	3.8241e-07	1.42496e-251	
241	3.29799e-07	2.16382e-251	
242	2.84403e-07	3.45554e-251	
243	2.45238e-07	-2.12822e-250	
244	2.1145e-07	-1.15894e-249	
245	1.82304e-07	1.68476e-249	
246	1.57164e-07	-9.71818e-251	
247	1.35481e-07	-2.20621e-249	
248	1.16782e-07	-1.49106e-248	
249	1.00656e-07	-1.69867e-248	
250	8.67514e-08	1.77642e-247	
251	7.47624e-08	-1.5076e-247	
252	6.44262e-08	-7.4011e-247	
253	5.55153e-08	-8.43769e-247	
254	4.78339e-08	1.27365e-245	
255	4.12128e-08	1.72236e-245	

