0	-4.12128e-08	-2.34441e-247	
1	-5.55804e-08	1.05727e-248	
2	-7.49378e-08	2.35536e-249	
3	-1.0101e-07	-3.28403e-250	
4	-1.36116e-07	6.1289e-251	
5	-1.83372e-07	-2.40924e-251	
6	-2.46961e-07	2.40279e-252	
7	-3.32501e-07	-6.54833e-254	
8	-4.47529e-07	1.81132e-253	
9	-6.02154e-07	-5.76468e-255	
10	-8.09931e-07	-1.95715e-255	
11	-1.08902e-06	3.69301e-256	
12	-1.46375e-06	-7.11276e-257	
13	-1.96669e-06	2.60585e-257	
14	-2.64139e-06	-1.80219e-258	
15	-3.5461e-06	-8.0633e-260	
16	-4.75867e-06	4.27051e-260	
17	-6.38304e-06	-1.97369e-260	
18	-8.55792e-06	2.04772e-261	
19	-1.14683e-05	-2.67744e-262	
20	-1.53607e-05	1.11346e-263	
21	-2.05633e-05	2.65985e-264	
22	-2.75127e-05	6.68599e-266	
23	-3.67893e-05	3.7702e-266	
24	-4.91638e-05	-2.64707e-266	
25	-6.56583e-05	3.46947e-267	
26	-8.76277e-05	-4.34772e-268	
27	-0.000116865	2.82722e-268	
28	-0.00015574	-1.75104e-269	
29	-0.000207382	-1.0813e-270	
30	-0.000275915	4.75866e-271	
31	-0.00036677	-2.37599e-271	
32	-0.000487079	1.9827e-272	
33	-0.000646201	-3.07148e-273	
34	-0.000856382	2.22632e-274	
35	-0.00113362	2.33184e-276	
36	-0.00149876	2.33112e-275	
37	-0.00197889	-1.17365e-276	
38	-0.00260911	-1.71992e-277	
39	-0.00343473	5.11658e-278	
40	-0.00451406	-2.40928e-278	
41	-0.00592182	1.98557e-279	
42	-0.00775322	-3.27904e-280	
43	-0.010129	3.28496e-281	
44	-0.0132013	-4.40622e-282	
45	-0.0171601	3.30892e-282	
46	-0.0222408	-2.7698e-283	
47	-0.0287315	8.85011e-285	
48	-0.0369799	2.01129e-285	
49	-0.0473976	2.69197e-285	
50	-0.0604607	-2.1374e-286	
51	-0.0766998	2.0968e-288	
52	-0.0966762	2.15554e-288	
53	-0.120932	3.20064e-288	
54	-0.149896	-3.05123e-289	
55	-0.183733	3.06586e-290	
56	-0.222078	-1.46794e-290	
57	-0.263635	5.47985e-292	
58	-0.305524	3.01989e-293	
59	-0.342298	-1.51129e-292	
60	-0.364426	-2.99274e-293	
61	-0.356031	-8.93207e-294	
62	-0.29149	-1.58152e-294	
63	-0.130676	-3.66458e-295	
64	0.130676	2.51618e-293	
65	0.29149	1.16041e-292	
66	0.356031	6.56107e-292	
67	0.364426	2.19866e-291	
68	0.342298	1.11029e-290	
69	0.305524	-2.21861e-291	
70	0.263635	-4.02585e-290	
71	0.222078	1.07844e-288	
72	0.183733	-2.25238e-288	
73	0.149896	2.24163e-287	
74	0.120932	-2.35139e-286	
75	0.0966762	-1.5836e-286	
76	0.0766998	-1.54044e-286	
77	0.0604607	1.57027e-284	
78	0.0473976	-1.97769e-283	
79	0.0369799	-1.47762e-283	
80	0.0287315	-6.50186e-283	
81	0.0222408	2.03487e-281	
82	0.0171601	-2.43094e-280	
83	0.0132013	3.23709e-280	
84	0.010129	-2.41334e-279	
85	0.00775322	2.409e-278	
86	0.00592182	-1.45873e-277	
87	0.00451406	1.77001e-276	
88	0.00343473	-3.75897e-276	
89	0.00260911	1.26356e-275	
90	0.00197889	8.6224e-275	
91	0.00149876	-1.71259e-273	
92	0.00113362	-1.71312e-274	
93	0.000856382	-1.6356e-272	
94	0.000646201	2.25651e-271	
95	0.000487079	-1.45662e-270	
96	0.00036677	1.74555e-269	
97	0.000275915	-3.49601e-269	
98	0.000207382	7.94396e-269	
99	0.00015574	1.28643e-267	
100	0.000116865	-2.07706e-266	
101	8.76277e-05	3.19411e-266	
102	6.56583e-05	-2.54889e-265	
103	4.91638e-05	1.9447e-264	
104	3.67893e-05	-2.76983e-264	
105	2.75127e-05	-4.91195e-264	
106	2.05633e-05	-1.9541e-262	
107	1.53607e-05	-8.18016e-262	
108	1.14683e-05	1.96702e-260	
109	8.55792e-06	-1.50439e-259	
110	6.38304e-06	1.45e-258	
111	4.75867e-06	-3.13739e-258	
112	3.5461e-06	5.92381e-258	
113	2.64139e-06	1.32401e-256	
114	1.96669e-06	-1.91442e-255	
115	1.46375e-06	5.22549e-255	
116	1.08902e-06	-2.71312e-254	
117	8.09931e-07	1.43785e-253	
118	6.02154e-07	4.2351e-253	
119	4.47529e-07	-1.33071e-251	
120	3.32501e-07	4.81082e-252	
121	2.46961e-07	-1.76524e-250	
122	1.83372e-07	1.76998e-249	
123	1.36116e-07	-4.50268e-249	
124	1.0101e-07	2.41266e-248	
125	7.49378e-08	-1.7304e-247	
126	5.55804e-08	-7.76741e-247	
127	4.12128e-08	1.72236e-245	

